4465.811523438
3377.145019531
2840.816162109
2804.211914062
2659.031005859
2615.355224609
2433.058593750
2416.655761719
2383.241455078
2302.827880859
2294.242919922
2272.782958984
2272.361328125
2236.403076172
2190.580810547
2140.104492188
2118.272949219
2050.262451172
2039.737548828
2026.332031250
2023.413208008
2022.695678711
2005.200195312
2003.936035156
1979.343261719
1965.732666016
1939.276977539
1928.745239258
1919.729248047
1871.012695312
1850.841308594
1839.599975586
1838.074096680
1836.087768555
1815.618408203
1799.561401367
1799.478149414
1798.298095703
1797.537109375
1793.068603516
1793.030883789
1789.140869141
1784.540405273
1784.497192383
1770.826171875
1763.163330078
1749.746582031
1744.871826172
1733.878784180
1729.698120117
1727.162475586
1713.440795898
1708.752929688
1694.623046875
1679.906616211
1679.274291992
1676.879516602
1665.585937500
1653.303955078
1649.280029297
1618.104858398
1615.878173828
1600.915283203
1599.184204102
1597.641723633
1596.240966797
1591.595336914
1591.071777344
1591.065551758
1589.757812500
1586.520629883
1582.479125977
1574.123535156
1573.708007812
1566.925170898
1560.824340820
1558.279418945
1548.940673828
1545.642700195
1541.804931641
1541.575195312
1531.960571289
1530.249023438
1529.275756836
1522.067871094
1518.657592773
1518.632446289
1517.605590820
1505.931762695
1502.922485352
1501.394409180
1501.262207031
1490.855346680
1487.707275391
1478.675415039
1478.649169922
1472.425903320
1467.953979492
1465.263427734
1464.231933594
1461.784790039
1459.926147461
1454.607543945
1450.691162109
1448.558105469
1436.964599609
1435.105224609
1432.321533203
1406.194702148
1406.192504883
1404.449218750
1396.622070312
1395.399780273
1394.584228516
1393.022338867
1391.424804688
1390.968994141
1390.183471680
1388.458251953
1388.031860352
1387.929931641
1384.420532227
1377.232055664
1376.972167969
1376.019042969
1369.872802734
1367.283325195
1366.188720703
1364.668090820
1362.075439453
1359.030395508
1358.796630859
1355.764038086
1350.910034180
1343.569091797
1342.524291992
1341.214233398
1340.227783203
1339.057983398
1337.648315430
1334.284912109
1334.064086914
1333.421386719
1333.358642578
1328.931274414
1327.104614258
1326.232421875
1325.170166016
1319.264038086
1315.695312500
1315.226440430
1314.512084961
1307.982788086
1305.014404297
1302.701171875
1299.211425781
1298.598999023
1297.701049805
1297.240966797
1293.416259766
1292.764526367
1290.498901367
1289.511962891
1286.624145508
1285.771850586
1280.757324219
1279.050537109
1277.249267578
1277.112792969
1273.608642578
1273.504516602
1272.412231445
1269.789794922
1268.287841797
1265.758422852
1264.041992188
1262.941406250
1260.548583984
1259.716918945
1259.625732422
1257.674194336
1254.375000000
1253.603881836
1252.304321289
1248.718261719
1248.659057617
1247.555908203
1242.521728516
1241.956420898
1238.168212891
1234.787475586
1234.001708984
1232.545166016
1231.898071289
1226.800903320
1222.847412109
1220.619140625
1214.632934570
1213.380249023
1211.191772461
1206.548339844
1205.965454102
1203.068603516
1201.516601562
1201.289550781
1201.088256836
1200.025146484
1195.802856445
1195.007446289
1190.395751953
1189.025512695
1185.214477539
1185.143432617
1184.806274414
1182.532592773
1182.210205078
1181.494140625
1179.218627930
1178.513549805
1175.865356445
1173.293823242
1172.704589844
1172.519165039
1165.520751953
1165.365966797
1164.977172852
1164.944335938
1163.265747070
1163.090332031
1161.827026367
1161.388671875
1157.783569336
1156.310424805
1155.513793945
1155.073974609
1154.529052734
1148.481811523
1146.074829102
1144.009887695
1142.157348633
1141.193115234
1140.205688477
1139.616455078
1138.967163086
1138.789550781
1138.221679688
1137.403930664
1136.938110352
1136.330810547
1135.921386719
1135.325073242
1133.679077148
1133.621948242
1133.312011719
1128.924926758
1127.822509766
1125.821166992
1125.369262695
1124.443115234
1122.441040039
1120.830566406
1120.074340820
1119.762939453
1119.146240234
1116.747192383
1115.578735352
1113.998657227
1113.820800781
1109.319458008
1108.867919922
1108.499023438
1107.911132812
1107.798583984
1105.897338867
1105.547241211
1103.286865234
1103.269531250
1099.272827148
1091.692260742
1091.089233398
1090.937500000
1090.154785156
1083.829223633
1072.177246094
1069.895385742
1066.875366211
1064.124755859
1062.536132812
1062.387207031
1061.909179688
1061.653564453
1061.388793945
1060.042114258
1058.374755859
1058.254272461
1057.990844727
1057.752807617
1057.350219727
1055.256713867
1055.174560547
1054.212646484
1053.719726562
1052.581542969
1049.561645508
1046.399291992
1044.621948242
1044.056396484
1042.286743164
1039.007080078
1037.225097656
1036.288574219
1034.857666016
1033.418090820
1032.104003906
1031.070068359
1030.363525391
1030.158447266
1026.807495117
1025.867431641
1025.008911133
1023.449584961
1022.584411621
1022.177307129
1021.017333984
1020.570068359
1018.668334961
1018.248718262
1017.898010254
1015.938415527
1015.800354004
1015.325622559
1013.180908203
1011.960021973
1011.448303223
1010.643920898
1005.868225098
1003.421813965
1000.597656250
999.876098633
994.986694336
994.813354492
992.468627930
992.069641113
991.363281250
991.065490723
990.061157227
989.810180664
988.788513184
984.740356445
984.242004395
982.726867676
981.461486816
981.255676270
979.897399902
979.308837891
979.156494141
978.602294922
978.596923828
976.912170410
976.074829102
974.568542480
973.635620117
973.180480957
972.752380371
970.099975586
969.944458008
969.088928223
968.649414062
968.174316406
967.646057129
965.833007812
964.163085938
963.105285645
962.416015625
962.019409180
959.306518555
957.107849121
955.599182129
955.524414062
953.512878418
952.329956055
952.168762207
951.679382324
951.556701660
948.525878906
947.566894531
946.946960449
945.870971680
945.593872070
945.459899902
944.088012695
943.143310547
943.034851074
942.531738281
941.619384766
938.543090820
936.932983398
936.770507812
935.841796875
934.249084473
932.738586426
932.688781738
930.015136719
928.865600586
928.472595215
927.816955566
927.740844727
927.726562500
926.346313477
925.548767090
925.199890137
924.530212402
923.723205566
923.447753906
923.212890625
922.539184570
921.697570801
920.246154785
919.793701172
919.746215820
916.496459961
913.860473633
913.433105469
911.415832520
909.936462402
909.933105469
909.538452148
908.871398926
908.611083984
904.455017090
903.757568359
903.388488770
902.729248047
902.276489258
901.674255371
900.655700684
898.859497070
896.797363281
895.182861328
892.797546387
891.764526367
889.702880859
889.135742188
888.531250000
887.819396973
886.784057617
886.668151855
886.563171387
886.424133301
886.361267090
886.263793945
884.836486816
883.951965332
883.001464844
882.557739258
881.532592773
880.592651367
880.091735840
878.753479004
876.319702148
874.656005859
874.480041504
874.356201172
874.177307129
873.835693359
873.321838379
872.048278809
870.400268555
865.154296875
863.769348145
863.266174316
859.705871582
858.397094727
857.789306641
857.260620117
856.906066895
855.061401367
850.464538574
849.237854004
842.931640625
842.054321289
841.936096191
841.256469727
840.078857422
839.721618652
838.924316406
836.558898926
835.723266602
835.616699219
834.712219238
832.318725586
830.777954102
830.775024414
829.941589355
829.864135742
828.728027344
828.449035645
827.671264648
826.697692871
825.438842773
823.684692383
823.600402832
821.031494141
820.940734863
818.399353027
818.382568359
817.473693848
816.431030273
814.440979004
813.633605957
813.446533203
813.219360352
812.420349121
812.007141113
809.809020996
807.219604492
806.620300293
805.677001953
805.342346191
805.306945801
805.265258789
805.083679199
804.817016602
804.713073730
804.550231934
802.853698730
800.565429688
799.415466309
798.909118652
798.226684570
797.567077637
797.398620605
797.113342285
796.796142578
795.022521973
793.513793945
792.325561523
791.899108887
791.632141113
790.746215820
790.341308594
789.427856445
787.891723633
786.349853516
786.101379395
783.497741699
783.396606445
782.255554199
781.686767578
781.498718262
781.441040039
780.581665039
778.782958984
778.650512695
778.286804199
776.934326172
776.610473633
776.339782715
775.388244629
774.287414551
773.778076172
773.376892090
771.454772949
771.035705566
769.629150391
768.819946289
768.568054199
768.204345703
767.763244629
766.469909668
765.941406250
765.750244141
765.462951660
763.152343750
762.569335938
761.560546875
760.851745605
758.615905762
758.241394043
757.432678223
757.311584473
757.213623047
756.983764648
756.816894531
756.025695801
755.476013184
752.537963867
752.148315430
751.339660645
750.883483887
750.653991699
750.500061035
748.646728516
748.456787109
747.143188477
746.602661133
746.245117188
745.709106445
745.596374512
745.549072266
745.129516602
744.464599609
743.461059570
743.368896484
741.777526855
739.741088867
739.526794434
737.925354004
737.879028320
737.457580566
735.634338379
734.663635254
734.088256836
733.351684570
732.855285645
732.533142090
732.396240234
731.778991699
731.486022949
730.787902832
729.573791504
729.397644043
728.632995605
728.507446289
727.583740234
727.406372070
727.337646484
726.687622070
726.054870605
725.305541992
724.806945801
724.226501465
723.363525391
723.300842285
723.177307129
722.906738281
721.859497070
720.923706055
720.878845215
720.557128906
720.464111328
720.158020020
719.683776855
719.501464844
717.414489746
717.164367676
716.676391602
715.858032227
715.441162109
715.213684082
715.057373047
714.135559082
713.169677734
713.031433105
710.603210449
710.558410645
709.897338867
709.490356445
707.973205566
707.013061523
706.005065918
704.896179199
703.195739746
702.962341309
702.913940430
702.486145020
701.915100098
701.625244141
701.187133789
700.484497070
699.525512695
699.341247559
698.014709473
697.824401855
695.812255859
695.566467285
695.363525391
694.930664062
694.901550293
693.711364746
692.208007812
691.371826172
691.247253418
690.523437500
689.316467285
688.728881836
687.378051758
687.078308105
686.719665527
686.654907227
686.398071289
686.269592285
686.080993652
685.632446289
685.173767090
684.762268066
684.743713379
683.669372559
683.649475098
682.989685059
682.565734863
681.961059570
681.883544922
681.339538574
681.304748535
680.932128906
680.813415527
680.756713867
678.543029785
678.334838867
677.535278320
677.201660156
675.745178223
675.702087402
674.660156250
674.648437500
674.588623047
674.440368652
673.624694824
670.664916992
670.442260742
669.844482422
669.321044922
668.941040039
668.651062012
667.589172363
667.546813965
667.301025391
667.238342285
667.158203125
666.268188477
666.041503906
664.374389648
663.991271973
663.576782227
663.243896484
661.437500000
661.322204590
661.226013184
661.049133301
660.143249512
660.132690430
659.315673828
659.055053711
658.888610840
658.006408691
657.435852051
656.536865234
656.518859863
655.627624512
655.366699219
655.206787109
655.021606445
653.166137695
652.204650879
652.155822754
652.138854980
652.055419922
651.922851562
651.874816895
651.724365234
651.069152832
650.093933105
649.355651855
648.880737305
647.688659668
647.266113281
645.966308594
645.375305176
645.026550293
644.434082031
643.376464844
642.934082031
642.896057129
642.566162109
641.988708496
641.576049805
641.457763672
640.773620605
639.477783203
639.252075195
639.148742676
637.365539551
637.208251953
636.723571777
636.671264648
636.627807617
635.801330566
635.723999023
635.351257324
635.009765625
634.843261719
634.697204590
633.624694824
632.625854492
632.129211426
631.616760254
630.489746094
628.997070312
627.303649902
625.389038086
625.123352051
624.671142578
624.503417969
624.379272461
623.889892578
623.642272949
623.207336426
622.912780762
622.555786133
621.776672363
620.491271973
619.652587891
619.417114258
619.286193848
619.218627930
618.973022461
617.139343262
616.688110352
616.620910645
616.592590332
616.372192383
615.761108398
614.391357422
614.046447754
613.481994629
613.446166992
612.464904785
612.326477051
610.763732910
609.892761230
608.524108887
608.497375488
608.492614746
607.923889160
607.754821777
607.109863281
607.088806152
606.890380859
606.141601562
605.548645020
605.289611816
604.911315918
604.626953125
604.039367676
603.592102051
603.542602539
602.586425781
601.703247070
601.617614746
600.279296875
599.623840332
599.126281738
599.123474121
598.667419434
598.589782715
598.111572266
596.830688477
596.648986816
596.032470703
595.125244141
594.319152832
594.265441895
593.983520508
593.022460938
592.481262207
592.268188477
592.243041992
591.327087402
590.859130859
590.401306152
589.778991699
589.283935547
587.555847168
587.195983887
586.529907227
585.677185059
585.570983887
585.513916016
585.463256836
583.565429688
583.536376953
583.268615723
582.336853027
582.216613770
581.988037109
581.637329102
580.750671387
580.611511230
580.316162109
580.281127930
579.869812012
579.385009766
578.518249512
578.248779297
578.124328613
577.955505371
577.615844727
577.565307617
576.796081543
576.393432617
576.068115234
576.014160156
574.603027344
574.322265625
573.938110352
573.931884766
573.603149414
571.351196289
571.290771484
570.920349121
570.904174805
570.679382324
570.397583008
570.289611816
569.906311035
569.708435059
568.890197754
568.694030762
568.200317383
568.152343750
568.034484863
567.992858887
567.977478027
567.769348145
567.660400391
567.439025879
567.089050293
567.060241699
566.649047852
566.528076172
566.221557617
566.155578613
566.110778809
565.908935547
565.842407227
565.390747070
565.191833496
564.631164551
564.569274902
564.530517578
564.343505859
563.847290039
563.447631836
563.155700684
562.942810059
562.629943848
561.447814941
561.033630371
560.643920898
560.177429199
559.195251465
559.128295898
559.097717285
559.096313477
558.332580566
558.164184570
557.829345703
557.527099609
556.422668457
555.394226074
555.312683105
553.841308594
553.478637695
552.722717285
552.202331543
551.651550293
550.930358887
550.725036621
550.484130859
550.379028320
549.951049805
549.726684570
549.617126465
549.363159180
548.930847168
548.564941406
547.836914062
546.907043457
546.832580566
546.370422363
546.295837402
546.023437500
545.763244629
544.803283691
544.632080078
544.296691895
543.934570312
543.921508789
543.533813477
543.294738770
542.885620117
542.829162598
542.395812988
541.957702637
541.848693848
541.296813965
540.926086426
540.834411621
540.763427734
540.724182129
539.763488770
539.088806152
538.488403320
538.338989258
537.968505859
537.921813965
537.711303711
537.700378418
536.805786133
536.610351562
535.737915039
535.732666016
535.191833496
534.904907227
534.571411133
534.383972168
533.854980469
533.623107910
533.267822266
532.070678711
531.614013672
531.187622070
530.129699707
529.738098145
529.501281738
528.543701172
528.344360352
527.968688965
527.883483887
527.585205078
527.462402344
526.746765137
526.602844238
526.247436523
526.077148438
525.816528320
525.519958496
525.002319336
524.406921387
523.734375000
523.631530762
523.376708984
523.201660156
522.493225098
521.801635742
521.709594727
521.294738770
520.937988281
520.890930176
520.642578125
520.070007324
519.076416016
518.905944824
518.878479004
518.713317871
518.128234863
517.941650391
517.572265625
517.470703125
516.915100098
516.784790039
516.742004395
516.385314941
515.724243164
514.740722656
514.523315430
513.980041504
513.808532715
513.547485352
513.499450684
513.027160645
512.581359863
512.404907227
512.196228027
511.278625488
511.258789062
511.127593994
510.762451172
510.597137451
510.189453125
509.051269531
508.806427002
508.757629395
508.575073242
507.508300781
506.843841553
505.610198975
504.704498291
504.041076660
503.717163086
503.585693359
502.673645020
502.603546143
502.591552734
502.365264893
501.926574707
501.664855957
501.515777588
500.856109619
500.475189209
499.829772949
499.725280762
499.363128662
499.278839111
498.921386719
498.804138184
498.527160645
498.480895996
498.421661377
498.206085205
496.935150146
496.916046143
496.250305176
496.245239258
496.137756348
495.741485596
495.292999268
494.654357910
493.393127441
493.086761475
492.973297119
492.841552734
492.223052979
491.987701416
491.843719482
491.424896240
491.295074463
491.284454346
490.417297363
489.879394531
489.848632812
488.920959473
488.781677246
488.648101807
488.440490723
488.034088135
487.915039062
487.821289062
487.094543457
485.854583740
485.828460693
485.037902832
484.589752197
484.209075928
483.737640381
483.638031006
482.965606689
481.454315186
480.767364502
480.215270996
480.164459229
479.968261719
479.699310303
479.237640381
478.864379883
478.529602051
477.981750488
477.935882568
477.470458984
477.453521729
477.263916016
476.995361328
476.115814209
474.770324707
474.569885254
474.183654785
472.685089111
472.526184082
472.110229492
471.928100586
471.876312256
471.572387695
471.537292480
471.527343750
471.390899658
470.852050781
470.062713623
469.505676270
468.914733887
468.858337402
468.538360596
466.890869141
465.094848633
463.594024658
463.451171875
463.203094482
462.778533936
462.680694580
461.927429199
461.363647461
461.131744385
460.706970215
460.352691650
460.021759033
459.561035156
459.451995850
458.301086426
457.827697754
457.771575928
457.573638916
457.492553711
456.573608398
456.041015625
456.014099121
455.949493408
455.635131836
455.491821289
454.301757812
454.155395508
453.875000000
453.871307373
453.115875244
452.917358398
452.899932861
452.517517090
452.455627441
452.412841797
452.100097656
451.924346924
451.633331299
451.352386475
451.287322998
451.016723633
450.927520752
450.873443604
450.508575439
450.340667725
449.909088135
449.803283691
449.717071533
449.249176025
449.241851807
449.191925049
448.821044922
448.544586182
448.414978027
448.167358398
448.055969238
447.483276367
446.912780762
446.840393066
445.926940918
444.727233887
444.703399658
444.526641846
444.425079346
443.886108398
443.611724854
443.235656738
443.044677734
442.964416504
442.196502686
441.678314209
439.647155762
439.447784424
439.337585449
438.951507568
438.696197510
438.598907471
438.531280518
438.527008057
437.860809326
436.475067139
436.324066162
436.245819092
436.080444336
436.054412842
436.043670654
435.892211914
435.259155273
435.198333740
435.104919434
435.023376465
434.338592529
433.980529785
433.507171631
432.647033691
432.279754639
431.889404297
431.569610596
431.506774902
431.495391846
430.831237793
430.502532959
430.373168945
430.368194580
429.987213135
429.925598145
429.792480469
429.474212646
429.034851074
428.489501953
428.216186523
427.860076904
427.476226807
426.822814941
426.685394287
426.510955811
426.470031738
426.248565674
425.960540771
425.139801025
424.610595703
424.438781738
424.307281494
423.729797363
423.252502441
423.046386719
422.774414062
422.084350586
421.487945557
420.912292480
420.864501953
420.745819092
420.541351318
420.363311768
419.802825928
419.693267822
419.345031738
419.172363281
418.887542725
418.728454590
418.560089111
418.512329102
418.412017822
418.165130615
418.127105713
416.786407471
416.320129395
415.807464600
415.594635010
415.579742432
415.554016113
415.473785400
415.437957764
415.318054199
415.267608643
415.024688721
414.692352295
414.631072998
414.578826904
414.505828857
414.321655273
413.980926514
412.499420166
412.218719482
412.174774170
412.074584961
412.011993408
411.638854980
411.328094482
411.282196045
411.125061035
411.023803711
410.387054443
410.053588867
409.401367188
409.356170654
409.356140137
409.140594482
409.093719482
408.918121338
408.892425537
408.337738037
408.327301025
408.151062012
408.059631348
407.805725098
407.509185791
407.457794189
406.976287842
406.739379883
406.545257568
406.543334961
406.012939453
405.955230713
405.899780273
405.812744141
405.800476074
405.642333984
405.124328613
405.062438965
404.948974609
404.484558105
404.407592773
404.286132812
403.951782227
403.766876221
403.554656982
403.515045166
403.104888916
402.465545654
402.272583008
402.096862793
401.932159424
401.923522949
401.616973877
401.579040527
401.039581299
400.625549316
400.551971436
399.951019287
399.771453857
399.715179443
399.610748291
399.065002441
398.317810059
397.361999512
397.170593262
397.023681641
396.806793213
396.802703857
396.604949951
395.948028564
395.779754639
395.503601074
395.349060059
395.292053223
394.873474121
394.745117188
394.211578369
393.828674316
393.480682373
392.705413818
392.702301025
392.658203125
392.653167725
392.610321045
392.041625977
391.613037109
391.056030273
390.461273193
390.424468994
389.932525635
389.845581055
389.161254883
389.032714844
388.756744385
388.599884033
388.410583496
388.208679199
387.753906250
387.505676270
387.271545410
386.808380127
386.361389160
386.016754150
385.773712158
384.403259277
384.174316406
383.603088379
383.584259033
383.549591064
383.490570068
383.469726562
383.090820312
383.090515137
382.843322754
382.753814697
382.383697510
382.056427002
381.340332031
380.541107178
379.496582031
378.920623779
378.477416992
378.001098633
377.819152832
377.668548584
377.667633057
377.190673828
376.841705322
376.836639404
376.417785645
376.182800293
375.499969482
375.463317871
375.310272217
374.880828857
374.436309814
373.681701660
373.658477783
373.360107422
373.245452881
373.065185547
373.030029297
372.998046875
372.985290527
372.905212402
372.680816650
372.592041016
371.443634033
371.061676025
371.026184082
370.748748779
370.678863525
370.627258301
370.469909668
370.331573486
370.052124023
369.798095703
369.622222900
369.439453125
369.181701660
369.059265137
368.951904297
368.523437500
368.482360840
367.972259521
366.980133057
366.605102539
366.401214600
366.354064941
366.295837402
366.168457031
366.122009277
365.792785645
365.718872070
365.090484619
365.008239746
364.918426514
364.712249756
364.707366943
364.228576660
364.148529053
364.001342773
363.091552734
363.083526611
362.481079102
361.761444092
361.261016846
360.220428467
359.846984863
359.795288086
359.711822510
359.658660889
359.430572510
359.413543701
359.171417236
359.066528320
358.801696777
358.719909668
358.614105225
358.597686768
358.371917725
358.003997803
357.880523682
357.624938965
357.581787109
357.462799072
357.067504883
356.709014893
356.634368896
356.622955322
356.193847656
355.545654297
355.405609131
354.382171631
353.659057617
353.361572266
353.056579590
352.758697510
352.694641113
352.342041016
351.808013916
351.658477783
351.455932617
351.059753418
350.900878906
350.636016846
350.137695312
349.963256836
349.354095459
349.274719238
349.100830078
349.024871826
348.840301514
348.775665283
348.438262939
348.240875244
347.830810547
347.624267578
347.428558350
346.179443359
346.088714600
345.505828857
345.484039307
345.468597412
345.375366211
344.993041992
344.802703857
344.800750732
344.603271484
344.531829834
344.105651855
343.866668701
343.720397949
343.519592285
343.420379639
343.317810059
342.832397461
342.620910645
342.091491699
341.839660645
341.373779297
341.248687744
341.110382080
340.949035645
340.682159424
339.930145264
339.893585205
339.706695557
339.533386230
338.887329102
338.845825195
338.585784912
338.427185059
338.166717529
338.122283936
338.051055908
338.026550293
337.147766113
336.937774658
336.818450928
335.771148682
335.683868408
335.102813721
334.642791748
334.238983154
333.973907471
333.713104248
333.488555908
333.182891846
332.892852783
332.761169434
332.372314453
332.352722168
332.071746826
331.885650635
331.598876953
331.527923584
331.472137451
331.106170654
330.638366699
330.517028809
330.498046875
330.108612061
330.033111572
329.978057861
329.975860596
329.826568604
329.435729980
329.364379883
329.282226562
329.060211182
329.035217285
328.771240234
328.713378906
328.635284424
328.529418945
327.966156006
327.962707520
327.866821289
327.349761963
327.071685791
326.688354492
326.534149170
326.436920166
326.049194336
325.511688232
325.379089355
325.314086914
325.204498291
324.653442383
324.588500977
324.203338623
323.957641602
323.865051270
323.628967285
323.542755127
323.460357666
323.289611816
323.138763428
322.675567627
321.712951660
321.584167480
321.320007324
321.294006348
321.029388428
320.969207764
320.687866211
319.565704346
319.374938965
319.307800293
318.826385498
318.737182617
318.410430908
317.981781006
317.879333496
317.725708008
317.706237793
317.654876709
317.648254395
317.327697754
317.127868652
316.657928467
316.625549316
316.532623291
316.380706787
316.330810547
315.529418945
315.361480713
315.026184082
314.914184570
314.338897705
314.334564209
314.081329346
313.956756592
313.789215088
313.514099121
312.974578857
312.662353516
312.319763184
311.919494629
311.427032471
311.214538574
310.436248779
309.897399902
309.883270264
309.785919189
309.541564941
309.309051514
309.214813232
308.814605713
308.714508057
308.712371826
308.651977539
308.392730713
308.375152588
308.081970215
307.890441895
307.673004150
307.624023438
306.843017578
306.614532471
306.580047607
306.387512207
306.348083496
306.320953369
306.299011230
306.135620117
305.975494385
305.962738037
305.616333008
305.612213135
305.039154053
304.791076660
304.375396729
304.349121094
304.180236816
304.162841797
303.795806885
303.720825195
303.578674316
303.237243652
303.170532227
302.547271729
302.374633789
302.292358398
302.229003906
301.795043945
301.624389648
301.572692871
301.519042969
301.165588379
300.641723633
300.424865723
300.415588379
300.353637695
300.270477295
300.073089600
299.216613770
298.968231201
298.754028320
298.615844727
298.548217773
298.219757080
296.557891846
296.201599121
296.154357910
296.021240234
295.831298828
295.377227783
295.355438232
295.296630859
295.137939453
294.813903809
294.806732178
294.535308838
294.366241455
294.353790283
294.232788086
294.084411621
294.060333252
293.954681396
293.832244873
293.102416992
292.620605469
292.133972168
291.841735840
291.698699951
291.632019043
290.561035156
290.492645264
290.395660400
290.162933350
290.118591309
289.840911865
289.801025391
289.702209473
289.631011963
289.540374756
289.025848389
288.894897461
288.692962646
288.550628662
288.120025635
287.930755615
287.846343994
287.740875244
287.583496094
287.582214355
287.282440186
286.837799072
286.771911621
286.556732178
286.307861328
286.224945068
285.859039307
285.725616455
285.489898682
285.418518066
285.231475830
284.919952393
284.772583008
284.575531006
284.481048584
283.806854248
282.764739990
282.761352539
282.069366455
281.994842529
281.874359131
281.762725830
281.480743408
281.405029297
281.381103516
281.262207031
281.209655762
281.197906494
280.826568604
280.780914307
280.378753662
279.885681152
279.537994385
279.041015625
278.946472168
278.918334961
278.917907715
278.372833252
278.138092041
277.692718506
277.667205811
277.626007080
277.470520020
277.347991943
277.334960938
277.255279541
277.096710205
276.662567139
276.418914795
275.996612549
275.748016357
275.577117920
275.543548584
275.400939941
274.982147217
274.949188232
274.740203857
274.597991943
274.566101074
274.230529785
274.225036621
274.102172852
273.806182861
273.702545166
273.695983887
273.346588135
273.168395996
272.935577393
272.645477295
272.395477295
272.242095947
271.999633789
271.943267822
271.912078857
271.799530029
271.776153564
271.765930176
271.433746338
271.345581055
271.005554199
270.069580078
269.841583252
269.777526855
269.629638672
269.195648193
268.653778076
268.635650635
268.582366943
268.392822266
268.058288574
268.014129639
267.875762939
267.666473389
267.403167725
266.949768066
266.922210693
266.618347168
266.461242676
265.919189453
265.430389404
265.382812500
265.288330078
265.092224121
264.895874023
264.510925293
264.331481934
264.135803223
264.037445068
263.761627197
263.742218018
263.606628418
263.322967529
263.029998779
262.977142334
262.677490234
262.471313477
262.423553467
262.118225098
261.999755859
261.979980469
261.915008545
261.865142822
261.613647461
261.529327393
261.445404053
261.334899902
261.268798828
260.877197266
260.457153320
260.171844482
259.588958740
259.518432617
259.469299316
258.221923828
258.157775879
258.105987549
257.942565918
257.868499756
257.734741211
257.654083252
257.501495361
257.473114014
256.908599854
256.801452637
256.685577393
256.610656738
256.151611328
255.942565918
255.619689941
255.460266113
255.424728394
255.338256836
254.859649658
254.598999023
254.342941284
254.281585693
254.278335571
254.264129639
254.162094116
254.145690918
253.879791260
253.871963501
253.775924683
253.654129028
253.459106445
253.325836182
253.316146851
253.260665894
252.756057739
252.691162109
252.684799194
252.394165039
252.304122925
252.154693604
251.806304932
251.762786865
251.700790405
251.669281006
251.635543823
251.400741577
251.276458740
251.124237061
250.500198364
250.474914551
249.960952759
249.762344360
249.592269897
249.591430664
249.322418213
249.224441528
249.196533203
249.174224854
249.162628174
249.129730225
249.121368408
249.044509888
248.890762329
248.860626221
248.819702148
248.745864868
248.592666626
248.264694214
248.260253906
248.160919189
247.480819702
247.375122070
247.247940063
247.130767822
247.049362183
247.013778687
246.448532104
246.267486572
246.031402588
246.008117676
245.963546753
245.668823242
245.616561890
245.583511353
245.342773438
245.004913330
244.972640991
244.645431519
244.636505127
244.539306641
244.462448120
244.066787720
243.690734863
243.504791260
243.125991821
243.048370361
242.866439819
242.850952148
242.787918091
242.548629761
242.028762817
241.738067627
241.732101440
241.704864502
241.397094727
240.568298340
240.220245361
240.216781616
240.158920288
240.061172485
239.886657715
239.867828369
239.645309448
239.606597900
239.554916382
239.349670410
239.284744263
239.214706421
239.207565308
238.981201172
238.936172485
238.154891968
237.832000732
237.732223511
237.666137695
237.260223389
237.131530762
237.123489380
237.032897949
236.911987305
236.877304077
236.819717407
236.562911987
236.542907715
235.666030884
235.533691406
235.496017456
235.263992310
235.216400146
235.168014526
234.264984131
234.136642456
233.875289917
233.722869873
232.999893188
232.524444580
232.454421997
232.267944336
232.213363647
232.156173706
232.051696777
231.884460449
231.717956543
231.562484741
231.416168213
231.304702759
230.855194092
230.852325439
230.836288452
230.812850952
230.562011719
230.514404297
230.292800903
230.107299805
229.811981201
229.555419922
229.237731934
229.159637451
229.124298096
228.877838135
228.524475098
228.428237915
228.073455811
227.955551147
227.905593872
227.673721313
227.548538208
227.497741699
227.481704712
227.089309692
227.032501221
227.024307251
226.992416382
226.983306885
226.756484985
226.472030640
226.358062744
226.120590210
225.663787842
225.656051636
225.301544189
224.917648315
224.908966064
224.892303467
224.683914185
224.649765015
224.455337524
224.435089111
224.299819946
224.100341797
224.040481567
223.879547119
223.804351807
223.589660645
223.438217163
222.854980469
222.786254883
222.536254883
221.655212402
221.438369751
221.109390259
221.058990479
221.021545410
220.635009766
220.372787476
220.230316162
220.036499023
219.855499268
219.740036011
219.713760376
219.191558838
218.700607300
218.659774780
218.629348755
218.563812256
218.500900269
218.445037842
218.433074951
218.382690430
217.943679810
217.714752197
217.622451782
217.597946167
217.585098267
217.115646362
217.087127686
216.782897949
216.728134155
216.368911743
216.331176758
216.133865356
216.091400146
214.925537109
214.894027710
214.829208374
214.652313232
214.651443481
214.594467163
214.343383789
214.189605713
214.131668091
213.988800049
213.498336792
213.488830566
213.136260986
212.786651611
212.609039307
212.320724487
212.254302979
212.114349365
211.899490356
211.877044678
211.856964111
211.785400391
211.708801270
211.491394043
211.389511108
211.267761230
211.216461182
211.122924805
210.944091797
210.725189209
210.703170776
210.580566406
210.553359985
210.472824097
210.384017944
209.932388306
209.859008789
209.656265259
209.462951660
209.010162354
208.860015869
208.812332153
208.728363037
208.660339355
207.660614014
207.454956055
207.272766113
207.189285278
207.169876099
206.990676880
206.885421753
206.586029053
206.555130005
206.553100586
206.543899536
206.105789185
205.981613159
205.896484375
205.850616455
205.849990845
205.756454468
205.686477661
205.597686768
205.568817139
205.387481689
205.332290649
205.162506104
205.110107422
205.094451904
204.837905884
204.602661133
204.286209106
204.119873047
203.894317627
203.331436157
203.314804077
203.245605469
203.121200562
202.790664673
202.640136719
202.462051392
202.303451538
202.291839600
202.261001587
202.128463745
202.106872559
201.874526978
201.569381714
201.420013428
200.997711182
200.954299927
200.870468140
200.794281006
200.698532104
200.601181030
200.569305420
200.401229858
200.298873901
200.047653198
200.043106079
199.968124390
199.849899292
199.830795288
199.819564819
199.702423096
199.474411011
199.406539917
199.242309570
199.114425659
198.997665405
198.690353394
198.377456665
198.254165649
198.230575562
198.220779419
198.170959473
198.124313354
198.087524414
198.023818970
198.015151978
197.988601685
197.840499878
197.762145996
197.732070923
197.527282715
197.495941162
197.326248169
197.305313110
197.191146851
197.105255127
196.858978271
196.520996094
196.339797974
196.314620972
196.262588501
196.200378418
196.132797241
195.884078979
195.849639893
195.680084229
195.601867676
195.303924561
195.157150269
195.065902710
195.057739258
194.867706299
194.704681396
194.315414429
193.813644409
193.763626099
193.686935425
193.473266602
193.402481079
193.349334717
193.053359985
192.943572998
192.763854980
192.701156616
192.433959961
192.359405518
191.965347290
191.903182983
191.804901123
191.748428345
191.595214844
191.543685913
191.518661499
191.441375732
191.283370972
190.935607910
190.741638184
190.713424683
190.655593872
190.649902344
190.631469727
190.625442505
190.506637573
190.490646362
190.419540405
190.324981689
190.106353760
190.088378906
189.558563232
189.308044434
189.052185059
189.042510986
188.660095215
188.568542480
188.207626343
188.184783936
188.056686401
187.976760864
187.883773804
187.856277466
187.552505493
187.353363037
186.957351685
186.549240112
186.522079468
186.487380981
186.421875000
186.260620117
186.086242676
185.816345215
185.654251099
185.030303955
184.872634888
184.737030029
184.643478394
184.300994873
184.297927856
184.042022705
183.837844849
183.755813599
183.733459473
183.647323608
183.492828369
183.419296265
183.208541870
182.886566162
182.851623535
182.774841309
182.709777832
182.662048340
182.645767212
182.512100220
182.396072388
182.157730103
182.142318726
182.116516113
182.105773926
182.097503662
181.970703125
181.682525635
181.515655518
181.506637573
181.465728760
181.271514893
181.251876831
181.215087891
181.210891724
180.810119629
180.651962280
180.608993530
180.494247437
180.316787720
180.181564331
180.130661011
180.024780273
179.966766357
179.828018188
179.793151855
179.477859497
179.325500488
179.235382080
179.023544312
178.847976685
178.738891602
178.719451904
178.657608032
178.612152100
178.560562134
178.534240723
178.510299683
178.492828369
178.280914307
178.142379761
178.038375854
177.933151245
177.845367432
177.830001831
177.797302246
177.718322754
177.479492188
177.466979980
177.394729614
177.361618042
177.328414917
177.031143188
176.772155762
176.662292480
176.426422119
176.418746948
176.184127808
176.103927612
176.029632568
175.953094482
175.517883301
175.420303345
174.751022339
174.534011841
174.237869263
174.157928467
174.081390381
173.932800293
173.197235107
173.033325195
172.717956543
172.348205566
172.238967896
172.124923706
172.109680176
171.935180664
171.849838257
171.813232422
171.786224365
171.785491943
171.703491211
171.685989380
171.653350830
171.577194214
171.515991211
171.367050171
171.268005371
171.235336304
171.200271606
170.821212769
170.735763550
170.565856934
170.559570312
170.521041870
170.352325439
170.182464600
170.105194092
170.099395752
169.929351807
169.904418945
169.796081543
169.765625000
169.739944458
169.645874023
169.521560669
169.469177246
169.348709106
169.272766113
169.219451904
169.185150146
169.026321411
168.783752441
168.778152466
168.374603271
168.281387329
168.034729004
167.880279541
167.815429688
167.572647095
167.265747070
166.860198975
166.728118896
166.631240845
166.448699951
166.075424194
165.684188843
165.603118896
165.588394165
165.519683838
165.511383057
165.418746948
165.386474609
165.044662476
164.826553345
164.774993896
164.550155640
164.490478516
164.266708374
164.256607056
163.795120239
163.758193970
163.730316162
163.718353271
163.618591309
163.341903687
163.265487671
163.082870483
162.990722656
162.836135864
162.735794067
162.625671387
162.607849121
162.549774170
162.548645020
162.445877075
162.287414551
162.266845703
162.238174438
162.214492798
162.110733032
161.563629150
161.521011353
161.512100220
161.274810791
161.175659180
161.032424927
160.956283569
160.812881470
160.782470703
160.698120117
160.494918823
160.433914185
160.255584717
160.012496948
159.511428833
159.173065186
159.089294434
158.711135864
158.594100952
158.484359741
158.269531250
158.119171143
158.048095703
157.754272461
157.651336670
157.608169556
157.489028931
157.268127441
157.177871704
156.739624023
156.603652954
156.243438721
156.180541992
156.015502930
155.913360596
155.844818115
155.748870850
155.685089111
155.625762939
155.422485352
155.304748535
155.289001465
155.275894165
155.150894165
154.974807739
154.921234131
154.855987549
154.693115234
154.502807617
154.424530029
154.413360596
154.348129272
154.303878784
154.215286255
154.190505981
154.135910034
153.938415527
153.937545776
153.779571533
153.710220337
153.695861816
153.658493042
153.622543335
153.268386841
153.243682861
153.204452515
153.097442627
153.045700073
153.030853271
152.824996948
152.285690308
152.259979248
152.112045288
151.759902954
151.548858643
151.503326416
151.491241455
151.241348267
151.204833984
151.134597778
151.059234619
151.014068604
150.987823486
150.484756470
150.306106567
150.293548584
150.100891113
149.948257446
149.891662598
149.854400635
149.254333496
149.221740723
149.068038940
148.977752686
148.954650879
148.832305908
148.472915649
148.445846558
148.285797119
148.057235718
148.027572632
147.947753906
147.942901611
147.832138062
147.786315918
147.601715088
147.600723267
147.492858887
147.353134155
147.319732666
147.078689575
147.002838135
146.744430542
146.520339966
146.456024170
146.207168579
145.946166992
145.922225952
145.872390747
145.773544312
145.688598633
145.644515991
145.559158325
145.516845703
145.403518677
145.329589844
145.278411865
145.156173706
144.938903809
144.749282837
144.565597534
144.388427734
144.296310425
144.225112915
144.197006226
144.163421631
144.112518311
144.083496094
144.072586060
144.020187378
143.999893188
143.960723877
143.958969116
143.905868530
143.883651733
143.834274292
143.630340576
143.324768066
143.282089233
143.278457642
142.664749146
142.631622314
142.487808228
142.442108154
142.345230103
142.335372925
142.241271973
142.197784424
142.084838867
141.951538086
141.793991089
141.735488892
141.562057495
141.545013428
141.319793701
141.190765381
141.046203613
140.938400269
140.761245728
140.738098145
140.709503174
140.673934937
140.577133179
140.382385254
140.213272095
140.091766357
140.047805786
140.036376953
140.001144409
139.917755127
139.876037598
139.823150635
139.640197754
139.631652832
139.503463745
139.471145630
139.201629639
139.128311157
139.091049194
139.083221436
139.070892334
138.959442139
138.951766968
138.689498901
138.665695190
138.580139160
138.476455688
138.376251221
138.361343384
138.313888550
138.278717041
138.245727539
138.194808960
138.127883911
137.941070557
137.891525269
137.803085327
137.736618042
137.719284058
137.564544678
137.471588135
137.449279785
137.222106934
137.120925903
136.841094971
136.776489258
136.767883301
136.738525391
136.673141479
136.515014648
136.511154175
136.505050659
136.351318359
136.280700684
136.240005493
136.098876953
136.030822754
135.955963135
135.938644409
135.883132935
135.870498657
135.818237305
135.731536865
135.713668823
135.558975220
135.277206421
135.277053833
135.201187134
135.082305908
134.935424805
134.887680054
134.824203491
134.613800049
134.430114746
134.292999268
134.232925415
134.226287842
133.985961914
133.820678711
133.670989990
133.274917603
133.268402100
133.251663208
133.192565918
133.175094604
133.121383667
133.103469849
132.918304443
132.863342285
132.498977661
132.419769287
132.370727539
132.350799561
132.209793091
132.016357422
131.866622925
131.493347168
131.459976196
131.418014526
131.382476807
131.381301880
131.373138428
131.346511841
131.317001343
131.180435181
131.006317139
130.997192383
130.960739136
130.856506348
130.802429199
130.605773926
130.593460083
130.546188354
130.369171143
130.293746948
130.212600708
130.089706421
130.016891479
129.789108276
129.785110474
129.475326538
129.456588745
129.444747925
129.394378662
129.215133667
129.100494385
129.074066162
128.956726074
128.884414673
128.866073608
128.834762573
128.631408691
128.585296631
128.559371948
128.431091309
128.288223267
127.349601746
127.292747498
127.186065674
126.938087463
126.885482788
126.775665283
126.554817200
126.276634216
126.235984802
126.177421570
126.053718567
125.949287415
125.940864563
125.908927917
125.837921143
125.819267273
125.608673096
125.605476379
125.586082458
125.272186279
125.239036560
125.204551697
124.920059204
124.786712646
124.689575195
124.631111145
124.511444092
124.440475464
124.325439453
124.282707214
124.057449341
124.055023193
124.051940918
123.919944763
123.836242676
123.834388733
123.634841919
123.477432251
123.252647400
123.212585449
123.197669983
122.989952087
122.900680542
122.817077637
122.559417725
122.329460144
122.324760437
122.297439575
122.232742310
122.181030273
122.057380676
121.775962830
121.775245667
121.717735291
121.673576355
121.601638794
121.561347961
121.358566284
121.052558899
121.014846802
121.002227783
120.790336609
120.731071472
120.530868530
120.476799011
120.475708008
120.416770935
120.376136780
120.235794067
120.219650269
120.198860168
120.117607117
119.994384766
119.990020752
119.653587341
119.553688049
119.524917603
119.330802917
119.117561340
118.984024048
118.974716187
118.898200989
118.814323425
118.751350403
118.561744690
118.528266907
118.242202759
118.224601746
118.166473389
118.029846191
117.909301758
117.870056152
117.772460938
117.762145996
117.670310974
117.546180725
117.357986450
117.350578308
