4261.785644531
3496.755126953
2832.717529297
2700.951171875
2654.372558594
2604.959716797
2495.537353516
2463.635498047
2437.791992188
2411.365478516
2402.625976562
2395.532470703
2389.237548828
2316.517333984
2307.113037109
2244.731445312
2220.507812500
2194.443847656
2185.279296875
2132.332275391
2129.218750000
2061.598876953
2060.992919922
2060.655029297
2057.765136719
2038.024658203
1999.752563477
1982.717895508
1953.289306641
1930.920410156
1927.884399414
1910.344482422
1910.254028320
1904.753051758
1886.188720703
1863.914306641
1859.261840820
1830.428100586
1822.127319336
1817.699707031
1815.449951172
1808.404785156
1801.771484375
1801.070190430
1799.650512695
1797.490112305
1796.911376953
1789.265869141
1785.966796875
1778.948608398
1775.756347656
1766.417724609
1765.645629883
1764.975341797
1758.217163086
1751.350952148
1749.219238281
1745.385131836
1738.764770508
1732.892456055
1727.650634766
1723.907836914
1722.827026367
1709.014770508
1707.129882812
1706.568847656
1695.812377930
1676.918212891
1676.586669922
1654.157714844
1652.505004883
1619.847167969
1614.747070312
1608.433837891
1606.592407227
1586.678466797
1583.296630859
1577.008056641
1576.221069336
1569.369506836
1568.831298828
1556.026855469
1552.964355469
1544.038696289
1542.621093750
1537.786010742
1533.678222656
1530.138305664
1530.012329102
1529.194091797
1529.178344727
1527.790039062
1524.122558594
1523.735107422
1520.214477539
1517.005981445
1513.761718750
1513.690917969
1505.446899414
1504.596313477
1501.355468750
1499.502319336
1497.813964844
1497.663574219
1496.221191406
1495.442749023
1488.956298828
1474.563720703
1474.548461914
1471.781005859
1468.523925781
1457.572387695
1452.218017578
1451.359497070
1450.940307617
1448.116943359
1448.018066406
1446.690551758
1439.508666992
1434.791137695
1423.884277344
1417.730224609
1415.632568359
1397.734375000
1394.533935547
1394.322265625
1391.336425781
1389.007324219
1387.203613281
1382.821533203
1382.671264648
1379.557739258
1376.632934570
1371.027587891
1370.844848633
1369.866821289
1368.580810547
1367.742187500
1366.124633789
1365.160766602
1359.370849609
1354.939453125
1353.613159180
1352.734741211
1342.220336914
1330.680053711
1327.385742188
1326.865966797
1323.130981445
1322.968994141
1319.135498047
1314.634765625
1311.928588867
1311.519775391
1307.896728516
1305.490478516
1304.987548828
1304.651977539
1303.244262695
1301.919189453
1297.089965820
1295.752197266
1295.087646484
1290.664550781
1288.479492188
1287.370361328
1285.715454102
1284.183959961
1282.363037109
1281.685913086
1278.198608398
1274.537719727
1273.880737305
1273.874877930
1270.936157227
1270.327636719
1268.647094727
1268.245239258
1265.650268555
1263.401733398
1261.994506836
1261.770629883
1260.820678711
1257.157104492
1252.089843750
1250.875000000
1246.655639648
1242.046142578
1241.368774414
1236.155883789
1232.062622070
1230.350585938
1228.042236328
1226.954101562
1226.379638672
1224.842041016
1224.799072266
1224.327392578
1222.285522461
1221.505004883
1220.829833984
1217.580322266
1216.722167969
1215.861206055
1215.375854492
1213.322265625
1210.488281250
1210.183715820
1209.267578125
1208.796020508
1208.712158203
1207.167602539
1206.526977539
1204.336059570
1197.346923828
1196.878662109
1195.807983398
1194.804565430
1193.895751953
1193.855102539
1191.718872070
1191.717285156
1190.245849609
1189.962280273
1189.761718750
1186.083618164
1185.966430664
1185.412963867
1185.096923828
1184.610595703
1183.644409180
1183.332031250
1182.689575195
1182.346069336
1182.341430664
1180.406738281
1179.930786133
1179.800659180
1177.174926758
1170.764892578
1170.685668945
1170.458496094
1169.981445312
1169.742187500
1167.210327148
1167.128784180
1164.007690430
1161.226562500
1160.137817383
1159.399291992
1159.101440430
1158.739257812
1155.852172852
1155.708862305
1149.263427734
1148.382690430
1148.182128906
1146.196533203
1141.670166016
1140.089965820
1140.024414062
1133.709472656
1131.093994141
1129.601440430
1127.997314453
1121.851684570
1121.667480469
1121.614257812
1117.783569336
1116.596435547
1112.203735352
1111.605224609
1111.258178711
1109.729614258
1108.857543945
1106.777099609
1106.567382812
1106.221679688
1104.774658203
1103.944824219
1102.330566406
1101.086303711
1100.538085938
1099.400146484
1099.386352539
1098.642333984
1096.711303711
1096.328247070
1094.940795898
1090.305053711
1089.171875000
1088.987060547
1088.242065430
1086.589599609
1085.394897461
1084.454589844
1082.739257812
1082.678222656
1078.679809570
1077.413208008
1076.492431641
1075.674072266
1070.773559570
1070.179565430
1068.293823242
1067.349853516
1066.862060547
1065.328979492
1064.956542969
1063.640869141
1057.180908203
1056.566040039
1056.516235352
1056.334472656
1053.966430664
1051.176147461
1050.615234375
1049.668334961
1049.602661133
1048.577636719
1046.266113281
1044.742431641
1043.971801758
1040.355712891
1039.885620117
1036.502197266
1035.595581055
1035.223022461
1033.497070312
1032.369506836
1031.366333008
1029.061279297
1026.861572266
1026.017578125
1023.561889648
1022.510864258
1022.020629883
1022.002380371
1018.283081055
1018.091735840
1011.444396973
1010.527709961
1010.201354980
1009.713439941
1009.236755371
1008.039367676
1007.524536133
1006.757873535
1004.961853027
1004.644836426
1002.910522461
1001.932006836
1000.747375488
1000.632141113
997.835449219
996.402954102
995.189697266
995.124450684
993.790527344
992.853393555
992.271240234
992.213745117
991.995788574
991.915771484
990.969604492
989.264038086
987.546020508
986.370544434
984.636718750
983.140991211
983.031982422
979.024291992
976.834777832
975.990600586
973.464233398
972.503173828
972.241882324
971.120117188
970.650451660
968.366149902
965.473388672
965.245666504
965.126037598
964.026855469
963.473388672
963.330749512
961.018981934
959.618835449
958.923950195
957.761474609
955.081298828
954.610778809
954.367675781
954.247009277
953.443359375
951.048950195
949.525268555
943.940368652
942.895690918
942.342773438
941.382507324
941.039489746
940.754882812
940.122375488
936.816711426
935.746276855
935.487365723
935.275207520
935.227355957
933.973327637
932.283569336
932.041442871
929.513305664
929.196960449
929.178222656
928.164550781
925.375671387
925.265136719
925.201965332
923.514465332
922.883728027
922.219055176
921.255615234
913.427246094
911.964965820
910.781738281
909.447204590
907.952270508
907.091613770
905.380859375
905.309448242
903.599792480
901.413635254
901.096252441
900.915588379
900.898498535
900.618652344
899.074035645
898.417785645
896.047302246
896.026916504
895.628051758
895.053771973
893.082763672
892.873168945
892.533142090
892.085876465
891.805847168
891.731506348
891.606811523
886.915588379
885.575317383
885.526916504
883.986999512
880.586975098
880.030334473
878.706115723
878.622619629
878.613403320
878.172363281
877.821411133
877.811462402
877.625793457
877.495300293
877.221374512
877.159912109
876.385192871
876.353332520
874.040649414
871.823364258
871.758422852
871.713623047
871.495483398
871.333374023
870.577270508
870.386596680
867.946166992
867.719604492
866.688964844
866.669555664
865.659057617
865.192687988
863.385131836
860.588256836
860.476379395
859.537902832
857.805541992
857.670959473
853.904968262
852.827880859
851.657653809
851.264221191
850.177734375
850.175964355
849.020690918
848.723022461
848.377502441
846.067565918
845.756469727
844.883117676
844.330932617
843.300903320
843.056030273
842.745117188
842.435180664
842.375915527
842.005310059
841.654174805
841.289367676
840.124145508
838.117614746
836.897705078
836.642456055
834.905151367
834.834411621
833.948181152
832.210083008
831.229492188
831.019287109
831.018005371
829.908752441
828.031555176
827.866577148
827.168273926
825.857055664
825.403320312
824.664855957
823.215393066
823.171020508
822.928833008
822.339904785
822.113708496
822.008178711
821.695007324
820.324707031
818.945190430
817.926452637
817.077880859
815.120971680
814.967224121
813.967529297
813.804443359
813.307373047
811.679504395
811.083435059
809.938293457
809.632873535
808.642272949
808.539978027
808.182861328
807.934692383
806.226867676
806.129272461
804.755676270
803.355773926
802.186340332
800.130310059
798.594238281
797.886596680
796.728881836
796.478088379
796.112609863
795.886169434
794.887268066
794.593688965
793.308776855
793.138549805
792.636291504
792.603454590
792.471496582
792.457214355
791.715942383
791.628417969
789.621459961
788.050109863
787.817626953
787.799926758
785.795593262
785.628295898
785.197387695
784.824279785
781.639099121
781.350891113
781.166931152
781.105773926
780.614868164
780.363586426
779.317810059
779.027282715
778.531433105
778.030090332
777.916503906
777.756652832
777.549072266
774.623046875
772.706726074
770.315856934
769.812683105
769.412902832
768.914611816
768.774230957
767.950744629
767.401672363
767.254089355
767.119934082
766.980651855
766.773132324
766.351806641
766.131591797
765.579406738
765.360107422
763.382690430
762.286071777
762.056884766
760.643310547
760.563049316
760.038452148
758.618347168
758.510803223
758.004577637
757.520751953
755.712707520
755.602905273
755.512451172
755.289794922
754.791931152
754.641052246
754.065856934
752.939331055
752.506225586
750.513854980
750.345886230
750.054260254
749.466674805
749.463439941
748.601257324
748.351806641
747.852600098
747.752929688
745.939270020
742.334106445
741.832092285
740.980224609
737.927490234
737.923461914
737.891845703
735.268493652
734.755859375
734.345886230
733.848022461
732.976867676
732.083190918
731.489196777
731.021423340
729.573059082
726.945373535
724.601318359
724.598266602
724.388671875
723.619506836
723.008605957
722.643981934
721.419311523
721.108947754
720.090820312
718.455505371
717.696105957
717.482727051
717.449401855
716.827392578
715.979858398
715.388977051
714.849304199
714.357238770
714.146362305
714.108581543
713.595642090
712.440490723
711.534851074
710.003112793
709.247802734
709.146362305
709.068359375
708.659179688
707.649414062
707.050048828
707.045654297
706.981994629
706.587219238
706.368713379
705.897644043
705.381286621
704.698974609
703.600708008
702.742370605
702.664794922
701.394897461
699.867980957
699.477966309
698.825866699
698.718994141
698.581176758
698.168151855
696.807312012
695.839050293
695.209350586
694.239929199
693.763183594
692.996337891
692.905822754
692.151428223
692.014099121
691.751953125
691.049804688
690.624755859
689.830383301
689.205505371
688.698181152
688.261352539
688.091003418
685.977722168
685.786743164
685.755676270
685.372375488
685.335510254
684.807678223
684.562561035
684.049133301
683.324523926
683.127136230
683.039855957
682.097595215
681.815246582
681.595092773
681.594909668
679.425476074
679.080200195
678.648315430
678.604675293
677.779479980
676.534484863
676.474426270
676.166809082
676.001037598
675.842529297
675.728759766
675.704772949
673.880065918
673.812744141
673.774902344
673.106140137
672.953125000
672.213012695
672.048034668
671.459228516
670.936096191
670.695678711
670.684509277
670.458923340
670.372009277
668.980407715
668.134704590
667.720336914
667.073303223
666.712280273
666.270812988
665.608154297
665.262939453
664.490600586
664.464538574
664.270324707
663.808654785
663.082275391
662.239868164
662.096679688
660.881896973
660.393432617
659.854736328
659.420288086
658.858093262
658.634704590
657.290588379
655.964965820
655.630187988
655.287536621
653.323608398
652.095092773
651.089599609
650.913024902
650.775512695
650.573547363
648.821899414
648.721618652
648.383178711
648.212219238
648.024536133
647.798767090
647.223266602
647.204101562
646.594055176
646.041564941
645.266296387
643.334045410
642.173461914
641.417480469
641.191467285
641.165649414
640.961975098
640.653930664
640.618408203
638.669006348
638.338867188
637.726318359
637.461914062
637.441589355
636.791625977
636.739196777
636.449584961
636.349975586
636.230957031
635.748718262
634.887329102
634.408935547
634.054809570
634.030761719
632.993957520
632.171020508
631.566040039
631.411926270
631.191284180
631.045593262
629.797790527
629.751647949
629.741455078
629.682861328
627.450012207
626.767395020
626.517089844
625.391662598
625.262817383
625.079711914
624.890441895
624.199340820
623.883666992
623.423034668
623.260131836
623.164733887
622.487487793
622.023620605
621.493957520
621.266967773
619.700500488
619.446960449
618.433532715
617.591369629
617.381042480
617.105895996
616.453063965
616.333862305
615.690002441
615.242919922
614.938293457
614.879028320
614.663940430
614.404968262
613.410156250
613.085693359
612.247924805
612.238281250
612.177429199
612.117309570
611.206481934
611.091308594
610.395507812
609.347534180
608.875183105
608.782226562
608.291564941
608.224853516
607.321899414
606.287597656
606.185424805
605.564270020
605.066589355
604.263977051
603.393920898
603.160522461
602.968811035
602.265258789
602.214538574
602.207763672
601.442138672
601.219360352
601.168701172
600.919860840
600.695983887
600.550598145
600.430114746
599.861206055
599.559143066
598.383422852
598.232971191
598.176757812
597.591491699
597.186096191
596.786254883
595.575317383
595.066955566
594.269470215
593.212707520
593.154418945
592.997558594
591.097412109
590.885803223
590.740966797
590.627136230
589.785827637
589.126159668
588.931884766
588.618530273
588.244628906
587.974182129
587.424011230
587.321289062
587.166687012
587.088256836
585.671691895
585.245849609
585.109252930
585.010620117
584.322448730
584.317565918
584.262390137
583.270202637
582.640625000
582.174499512
581.729003906
579.740234375
579.455566406
579.012573242
577.763061523
577.713195801
577.298645020
577.179260254
576.797729492
576.758911133
576.691345215
576.366943359
576.029357910
575.801208496
575.630310059
574.190734863
573.971374512
573.623657227
573.523803711
573.507446289
573.434936523
573.109741211
571.979797363
571.835937500
571.476928711
570.888916016
570.632141113
570.297180176
570.107177734
569.665039062
569.469055176
569.433959961
568.681762695
568.313598633
568.264709473
567.922180176
567.554321289
566.505981445
565.864013672
565.680847168
565.422912598
564.467651367
564.136962891
564.126831055
563.913085938
563.747070312
563.129333496
561.861938477
561.714904785
561.141296387
560.694946289
560.617614746
560.390747070
560.383789062
560.256408691
560.191589355
559.728027344
559.709411621
559.337951660
559.191406250
559.084289551
558.612304688
558.217590332
558.049255371
557.951965332
557.948791504
557.409118652
556.895507812
556.872863770
556.532409668
556.408630371
554.985778809
554.297607422
553.357971191
553.316040039
553.239929199
553.142456055
552.517272949
552.283020020
551.589660645
551.570800781
551.429992676
551.364929199
550.796447754
549.458496094
549.374145508
549.319763184
548.908447266
548.762573242
548.688720703
548.516113281
547.965332031
547.898193359
547.475769043
547.350341797
547.264160156
547.243225098
546.368652344
546.357238770
546.311584473
546.175903320
546.059875488
545.879272461
545.751464844
545.717712402
545.628234863
545.571105957
545.429565430
545.261840820
544.802551270
544.673156738
544.476379395
543.786437988
543.641601562
543.116027832
543.108703613
543.043640137
542.764160156
542.602233887
542.530273438
542.370605469
542.331237793
541.700927734
540.837280273
540.079040527
539.796752930
539.245605469
539.167602539
539.034790039
538.470520020
538.409851074
538.355834961
538.155151367
537.640319824
537.499450684
537.498596191
537.027648926
536.764404297
535.701232910
535.326965332
535.184265137
535.158447266
534.868408203
534.701416016
534.618652344
534.046752930
533.363708496
533.204956055
533.013671875
531.791381836
531.681335449
531.451538086
531.203735352
530.787536621
530.762145996
530.256347656
529.965270996
529.820495605
528.755737305
528.599426270
528.589721680
528.227416992
527.927185059
527.914855957
527.885375977
527.634155273
527.457763672
527.215698242
527.096313477
526.594604492
526.402404785
526.390197754
526.049987793
526.046142578
525.806274414
525.562622070
525.547485352
524.969787598
524.772277832
524.649963379
524.633239746
524.550659180
524.406127930
524.112915039
524.094665527
523.083618164
522.276000977
522.266113281
522.124877930
522.025024414
521.606811523
521.000427246
520.502441406
520.502075195
520.401184082
519.561279297
519.025573730
518.880371094
516.299682617
516.267211914
515.674621582
515.320068359
515.077880859
515.048706055
514.489318848
514.155334473
514.027648926
513.889099121
513.548767090
513.398315430
513.255371094
512.516723633
512.340026855
510.956390381
510.340057373
509.089080811
508.998321533
508.951446533
508.819519043
508.673309326
507.937072754
507.686798096
507.513153076
507.472869873
507.378326416
506.465118408
506.081146240
505.874206543
505.531463623
505.453765869
505.317291260
504.963470459
504.496093750
504.020507812
503.120208740
503.035491943
502.680877686
501.920928955
501.276611328
501.227478027
501.194488525
500.924072266
500.735931396
500.598297119
500.253448486
500.042846680
499.066192627
498.616607666
498.614288330
498.601440430
498.270385742
498.204101562
497.450073242
497.413940430
497.325317383
497.302398682
497.135894775
496.923065186
496.848815918
496.739746094
496.703399658
496.620147705
496.609741211
496.520080566
495.401885986
494.406524658
494.323028564
493.857482910
493.538085938
493.038482666
492.524963379
492.479125977
492.351287842
492.034606934
491.583648682
491.546997070
491.184356689
490.718109131
490.711090088
490.643737793
490.567535400
490.375396729
488.998107910
488.814880371
488.529846191
488.150726318
487.730407715
487.672027588
487.602081299
485.725555420
485.340332031
485.254852295
484.734100342
484.707183838
484.325408936
483.657043457
482.923278809
482.820983887
482.666839600
482.045013428
481.846527100
481.761230469
481.696502686
481.451904297
481.024780273
480.666076660
480.573730469
480.532318115
480.404022217
480.326141357
480.172546387
480.025024414
479.409942627
479.302001953
478.016967773
477.195922852
477.192596436
476.605529785
476.403228760
476.184600830
475.759490967
475.527679443
475.367553711
475.005126953
474.971374512
474.765930176
474.709350586
474.669616699
474.471191406
473.692687988
473.471191406
472.751922607
472.739532471
472.195770264
472.052673340
472.048095703
471.751647949
471.459320068
471.301330566
471.045837402
471.014923096
470.688507080
470.534545898
470.319793701
469.816345215
469.775726318
469.464508057
469.304473877
469.302825928
469.300079346
468.514373779
468.064941406
467.675048828
467.295532227
467.089233398
466.822845459
466.766540527
466.355834961
466.116516113
466.009979248
465.566558838
465.415039062
465.295867920
464.694274902
464.562835693
463.875793457
463.837127686
463.628021240
463.139068604
462.741638184
462.314910889
462.165191650
461.968139648
461.451904297
461.304046631
460.433349609
459.940795898
459.179992676
459.166107178
459.100402832
458.599273682
458.157806396
457.857696533
456.936279297
455.916320801
455.647674561
455.035614014
454.817443848
454.716979980
454.532897949
454.530853271
454.508056641
454.455780029
453.643096924
453.640350342
453.606628418
453.132934570
453.049804688
452.975769043
452.933837891
452.601867676
452.136871338
451.960479736
451.934082031
451.816314697
451.420776367
451.043579102
450.864562988
450.455749512
450.383392334
450.076110840
449.526184082
449.442779541
449.310852051
449.235382080
448.472259521
447.251403809
446.952850342
446.288391113
446.262756348
446.243743896
445.997894287
445.747650146
445.413391113
445.397949219
445.240447998
445.147705078
445.009948730
444.797973633
444.123046875
444.078399658
443.563018799
443.562957764
443.386749268
443.070831299
443.020263672
442.476409912
442.471801758
442.084503174
441.732086182
441.721496582
441.375549316
440.148010254
440.012756348
439.407531738
439.073364258
439.055419922
438.613037109
438.421905518
438.095489502
438.014953613
437.736572266
437.735778809
437.679504395
437.511199951
436.831878662
436.390777588
436.199127197
436.113006592
435.006103516
434.746490479
434.433532715
434.279083252
434.251708984
433.957580566
433.951721191
433.915252686
433.854583740
433.812988281
432.308349609
432.085021973
432.028717041
431.719543457
431.644653320
431.568054199
430.792297363
430.564392090
430.068603516
429.892181396
429.490997314
429.036743164
428.883483887
428.470581055
428.293243408
428.237701416
428.201080322
427.977935791
427.541900635
427.209075928
427.020721436
426.766693115
426.710083008
426.243225098
425.894500732
425.574249268
425.512084961
425.335784912
424.960479736
424.708740234
424.255249023
424.211853027
424.199615479
424.109100342
423.677734375
423.674255371
423.606079102
423.486663818
423.281951904
422.608673096
420.109375000
419.716857910
419.647857666
419.027679443
418.737945557
418.687225342
418.635284424
418.623504639
418.505462646
418.157989502
417.682922363
417.550750732
417.083709717
417.069671631
416.613494873
416.182189941
415.430267334
415.279205322
415.128936768
415.020324707
414.575622559
414.314697266
414.177947998
414.076904297
413.911987305
413.764587402
413.061828613
412.818054199
412.665191650
412.220306396
411.819793701
411.506164551
411.270812988
411.185455322
411.065765381
411.012573242
410.895660400
410.716552734
410.384094238
410.060302734
410.050964355
409.977752686
409.688323975
409.440734863
409.395355225
409.336578369
409.271057129
409.237976074
408.997436523
408.784912109
408.730194092
408.725402832
408.362548828
408.323059082
408.312652588
408.066589355
407.979156494
407.928192139
407.924865723
407.590545654
407.507720947
407.446472168
407.287963867
407.078979492
406.889373779
406.886810303
406.745422363
406.671295166
406.622589111
405.514892578
405.476226807
405.185394287
404.842193604
404.556976318
404.545593262
404.541229248
404.532409668
404.479858398
404.152587891
403.951568604
403.914093018
403.828887939
403.693725586
403.588195801
402.794433594
402.200134277
402.084808350
401.670501709
401.223968506
401.198699951
400.776855469
400.775634766
400.474060059
400.262023926
400.225372314
400.174194336
399.995117188
399.942962646
399.589080811
399.462860107
399.366790771
399.310333252
399.300048828
399.260620117
399.206268311
398.972076416
398.841888428
398.063354492
397.986114502
397.950744629
397.911529541
397.782867432
397.249176025
397.233428955
396.733398438
396.511810303
396.044525146
396.019378662
395.961639404
395.858520508
395.193695068
395.025909424
394.986480713
394.519866943
394.190582275
394.078155518
394.007995605
393.928222656
393.896026611
393.848266602
393.628570557
393.269683838
393.065826416
393.030822754
392.777191162
392.675689697
392.569702148
392.128387451
391.921264648
391.909942627
391.736419678
391.685943604
390.885681152
390.641021729
390.031829834
389.959503174
389.520751953
389.142883301
389.059814453
389.039093018
388.474456787
388.453857422
388.201385498
388.169860840
388.144989014
388.053802490
387.952575684
387.921325684
387.824432373
386.831848145
386.372222900
386.342071533
386.183532715
386.056793213
386.021087646
385.629425049
384.870971680
384.728302002
384.678131104
384.434844971
383.889556885
383.711456299
383.461822510
383.305053711
383.209350586
383.158416748
383.145385742
382.676849365
382.575500488
382.337921143
381.979400635
381.954711914
380.776000977
380.456237793
380.416809082
380.312957764
380.019927979
379.987426758
379.304473877
379.231597900
378.688201904
378.642913818
378.394042969
377.696838379
377.414428711
377.233612061
376.939239502
376.698913574
376.565673828
376.036956787
376.008972168
375.824981689
375.649841309
375.585662842
374.979431152
374.604553223
374.532196045
374.439147949
373.283355713
372.697052002
372.326019287
372.165222168
372.118957520
371.993041992
371.640960693
371.413085938
371.109313965
371.005828857
370.706085205
370.428375244
370.283538818
370.278503418
369.919708252
369.885284424
369.578521729
369.481323242
369.081878662
368.866790771
368.798248291
368.714843750
368.591156006
368.136413574
368.120880127
368.052581787
367.910888672
367.733673096
367.599304199
367.379791260
367.272277832
366.883819580
366.815765381
366.797576904
366.324005127
365.935699463
365.550994873
365.266357422
365.112213135
365.082183838
364.276580811
363.881439209
363.603210449
363.491027832
363.460418701
363.314300537
363.037322998
362.794403076
362.646759033
362.582519531
362.341339111
362.290985107
362.196319580
362.125640869
362.082519531
361.839477539
361.838928223
361.320495605
361.186553955
361.070800781
360.136047363
360.014923096
359.890563965
359.626098633
359.471527100
358.634002686
358.331054688
358.084472656
357.942382812
357.919281006
357.825286865
357.782348633
357.625152588
357.490844727
357.435699463
357.417663574
357.401458740
357.255737305
357.251922607
356.756774902
356.512878418
356.451568604
356.392089844
356.219970703
355.893768311
355.494445801
355.039825439
355.029785156
354.994995117
354.927612305
354.445495605
354.164428711
354.164367676
353.442871094
352.739624023
352.535552979
352.490386963
352.465728760
352.426361084
352.131866455
352.122772217
352.033630371
351.070983887
351.048431396
350.756530762
350.408691406
350.169036865
349.979003906
349.836456299
349.487182617
349.462280273
349.269256592
348.947753906
348.790832520
348.728912354
348.415710449
348.278778076
348.270233154
347.851562500
347.788543701
347.693206787
347.588592529
347.540557861
347.140655518
346.867858887
346.788604736
346.739898682
346.703704834
346.488739014
346.308959961
345.978942871
345.661926270
345.516967773
345.516601562
345.514404297
345.497131348
345.434082031
345.341796875
345.135345459
345.130676270
344.960998535
344.918914795
344.914276123
344.784210205
344.634246826
344.289764404
344.019805908
343.294921875
343.037261963
342.213104248
342.203887939
341.960327148
341.766845703
341.484558105
341.388031006
341.156860352
340.766662598
340.722351074
340.635253906
340.586883545
340.286346436
339.526092529
339.469940186
339.430541992
339.406829834
338.926452637
338.874023438
338.596740723
338.554931641
338.506958008
338.050872803
337.966918945
337.863586426
337.835266113
337.580017090
337.359863281
337.251678467
337.009948730
336.673492432
336.567535400
335.973815918
335.827484131
335.772003174
335.719360352
335.552764893
335.349670410
335.220062256
335.101470947
335.025573730
334.632629395
334.625946045
334.187683105
334.168853760
334.012451172
333.974670410
333.677581787
333.625610352
333.462127686
333.356842041
333.238342285
333.178588867
332.594848633
332.289062500
332.288177490
332.235076904
332.179260254
331.960662842
331.684844971
331.442626953
331.392517090
331.392517090
331.241516113
330.983764648
330.865509033
330.850494385
330.790527344
330.662902832
330.369476318
329.908203125
329.863220215
329.656402588
329.592376709
329.362426758
329.250030518
329.184112549
328.365905762
328.086364746
328.042480469
328.038909912
327.845489502
327.783905029
327.480194092
327.279754639
327.241821289
326.715362549
326.674041748
326.641937256
326.471008301
326.077453613
325.992675781
325.925781250
325.595703125
324.610443115
324.588897705
324.566406250
324.340850830
324.304595947
324.123901367
324.102172852
323.941345215
323.793029785
323.483520508
323.360076904
323.315032959
322.971588135
322.746490479
322.717315674
322.645996094
322.627716064
322.613128662
322.561767578
322.275115967
322.209838867
322.189086914
322.011291504
321.719909668
321.483947754
321.305603027
321.062652588
320.883880615
320.756958008
320.515411377
320.389739990
320.357391357
320.142089844
320.042114258
319.989044189
319.965209961
319.941925049
319.654724121
319.535003662
319.482666016
319.465026855
319.175567627
319.169403076
318.409881592
318.388580322
318.337127686
318.048217773
317.690124512
317.534637451
317.532440186
317.170166016
316.762512207
316.415832520
316.355377197
316.164703369
315.879852295
315.762115479
315.661010742
315.467987061
314.855010986
314.818237305
314.761993408
314.571136475
314.455352783
314.188446045
314.128967285
314.113220215
314.050903320
314.018829346
313.760253906
313.393035889
313.310729980
313.158264160
312.713653564
312.712829590
312.570281982
312.539306641
312.159454346
311.236389160
310.984985352
310.873077393
310.708801270
310.677307129
310.548431396
310.482055664
309.877410889
309.319885254
309.171203613
309.051147461
308.961944580
308.875122070
308.392822266
308.109680176
308.088806152
308.078735352
308.075103760
307.825592041
307.365081787
307.072448730
306.349487305
306.179840088
306.068267822
305.994964600
305.818939209
305.746490479
305.638702393
305.551239014
305.430206299
304.993743896
304.764038086
304.400695801
304.352752686
304.339813232
304.229309082
304.127502441
303.976867676
303.654479980
303.636077881
303.374572754
303.371856689
303.343627930
303.206573486
303.168853760
303.103790283
302.783874512
302.695556641
302.692718506
302.600646973
302.405639648
302.165679932
301.927642822
301.323913574
300.830810547
300.824859619
300.808624268
300.805603027
300.694976807
300.512298584
300.342132568
300.304656982
299.472412109
299.373779297
299.344116211
299.330780029
299.235412598
299.147216797
299.097747803
298.897430420
298.811706543
298.326232910
298.302032471
298.257507324
298.198028564
298.081665039
298.042877197
297.389007568
297.155639648
296.948181152
296.775115967
296.557037354
296.385253906
296.320220947
296.248291016
295.940795898
295.656372070
295.239227295
295.115570068
294.503662109
294.406890869
294.153167725
293.119384766
292.852020264
292.819885254
292.799896240
292.466186523
292.449737549
292.343841553
292.258422852
292.212066650
291.953460693
291.944580078
291.870239258
291.702301025
291.700225830
291.689392090
291.638641357
291.525817871
291.495758057
291.389312744
290.321502686
290.188018799
290.187957764
289.961120605
289.951599121
289.811737061
289.426788330
289.177551270
288.698425293
288.674591064
288.601898193
288.259307861
288.205291748
288.126190186
287.695800781
287.524780273
287.502960205
287.245452881
287.124755859
287.065185547
286.990783691
286.916595459
286.627655029
286.577453613
286.326263428
286.307861328
286.145050049
285.853942871
285.792205811
285.537200928
285.190063477
285.088531494
284.299133301
284.045684814
283.853851318
283.708007812
283.634429932
283.381652832
283.338256836
283.118072510
282.871917725
282.657989502
282.296295166
282.225555420
282.173980713
282.027160645
282.015289307
281.995819092
281.818908691
281.291992188
281.051177979
280.707275391
280.586883545
280.553253174
280.463531494
280.082672119
279.879943848
279.839874268
279.788177490
279.749603271
279.710235596
279.648437500
279.310394287
279.299560547
278.900604248
278.878112793
278.776031494
277.962341309
277.868560791
277.865600586
277.856964111
277.791717529
277.744354248
277.679504395
277.394104004
277.143371582
277.048950195
276.695007324
276.683654785
276.677612305
276.324615479
276.268798828
276.178222656
276.028167725
275.969146729
275.927124023
275.752471924
275.717163086
275.467224121
275.270385742
274.850341797
274.476409912
274.267852783
273.925048828
273.249938965
273.086578369
272.655700684
272.571380615
272.497619629
272.260040283
272.249359131
271.968200684
271.842956543
271.799621582
271.404754639
271.328002930
271.245391846
270.808685303
270.783905029
270.384429932
270.319305420
270.295684814
270.160034180
269.700225830
269.401000977
269.148376465
269.126739502
268.649505615
268.490020752
267.833740234
267.766906738
267.567718506
267.563018799
267.519470215
267.347320557
267.197113037
266.850036621
266.791290283
266.445495605
266.428100586
266.270477295
266.260223389
266.155517578
266.023345947
265.856384277
265.685363770
265.299774170
265.274810791
265.136108398
264.812042236
264.781280518
264.738433838
264.628570557
264.551300049
264.406402588
264.192565918
263.074951172
263.027343750
263.021667480
262.954406738
262.712615967
262.675292969
262.168121338
261.811614990
261.662231445
261.271453857
261.269195557
261.117431641
260.754425049
260.724761963
260.574127197
260.507507324
260.491729736
260.374237061
259.824005127
259.738983154
259.687194824
259.582153320
259.509552002
259.492401123
259.460723877
259.238311768
259.209960938
259.181640625
259.030364990
258.982177734
258.969238281
258.729187012
258.675567627
258.425933838
258.129302979
257.892639160
257.830078125
257.792480469
257.788085938
257.747924805
257.746398926
257.161895752
257.125518799
257.072052002
256.917938232
256.748809814
256.599090576
256.556915283
256.515808105
256.473632812
256.338958740
256.272827148
256.131103516
256.117614746
256.084808350
255.849700928
255.845001221
255.451950073
255.288421631
255.245941162
254.893218994
254.870712280
254.720962524
254.665756226
254.536468506
254.348419189
254.119781494
253.946395874
253.745391846
253.674926758
253.639556885
253.365570068
253.323120117
253.078735352
253.027999878
252.769531250
252.673080444
252.645050049
252.557128906
252.417541504
252.250137329
252.133209229
252.107360840
252.056289673
251.844619751
251.839447021
251.618103027
251.616256714
251.444702148
251.304595947
251.071289062
250.987808228
250.952453613
250.663650513
250.654296875
250.428375244
250.254470825
250.140945435
250.106796265
250.036361694
249.767257690
249.513839722
249.477172852
249.313522339
248.820953369
248.383682251
248.016891479
247.845077515
247.632812500
247.616302490
247.185501099
247.141189575
247.130477905
246.512298584
246.458694458
246.194213867
246.018295288
245.968383789
245.860290527
245.856964111
245.593963623
245.527236938
245.505905151
245.287597656
245.244766235
245.120239258
245.041519165
244.804855347
244.741668701
244.449600220
244.404129028
244.200332642
244.091949463
243.981918335
243.834075928
243.598251343
243.527145386
243.356491089
243.290756226
243.241119385
243.190017700
242.969940186
242.966186523
242.874511719
242.852233887
242.790420532
242.567077637
242.558715820
242.128890991
242.088623047
242.012390137
241.872817993
241.833847046
241.727508545
241.667465210
241.400421143
241.385925293
241.093307495
241.071609497
240.763442993
240.739471436
240.687667847
240.628326416
240.418899536
240.369644165
240.313369751
240.228027344
240.170974731
240.153930664
240.151870728
240.118392944
240.050659180
239.996704102
239.971481323
239.971313477
239.830596924
239.300964355
239.194366455
239.178833008
239.155807495
239.036102295
239.027755737
238.814285278
238.778488159
238.660659790
238.537902832
238.452224731
238.364425659
238.328018188
238.228622437
237.721008301
237.711090088
237.688003540
237.667419434
237.554855347
237.469070435
237.385223389
237.163406372
236.999389648
236.677200317
236.224014282
236.218734741
235.917236328
235.827972412
235.797439575
235.612365723
235.178192139
235.008972168
234.918045044
234.750488281
234.739562988
234.589050293
234.524139404
234.495391846
234.436447144
234.403381348
234.368301392
233.887435913
233.866271973
233.735626221
233.541702271
233.226135254
233.017288208
232.942687988
232.900009155
232.655853271
232.499038696
232.482345581
232.072418213
231.979751587
231.954589844
231.419143677
231.352264404
231.230453491
230.939651489
230.704925537
230.194931030
230.125885010
229.999649048
229.991500854
229.807174683
229.603912354
229.386734009
229.306777954
229.271469116
228.899566650
228.717041016
228.680725098
228.538757324
228.503646851
228.341369629
228.059753418
228.048995972
228.013565063
227.736724854
227.733154297
227.726791382
227.544052124
227.375640869
227.368225098
227.085876465
226.995544434
226.959747314
226.836425781
226.764724731
226.485061646
226.099792480
225.858306885
225.766098022
225.702651978
225.667984009
225.479888916
225.376281738
225.365463257
225.164703369
225.161331177
224.960998535
224.504943848
224.411163330
224.378326416
224.153427124
224.104187012
223.919464111
223.865371704
223.655471802
223.625793457
223.124313354
223.061325073
222.849151611
222.667312622
222.592803955
222.547348022
222.373046875
222.215042114
221.934875488
221.315780640
221.242401123
221.225692749
221.084838867
221.064773560
220.958175659
220.746551514
220.296615601
220.013275146
219.968719482
219.871673584
219.818664551
219.589019775
219.555969238
219.350219727
219.285842896
219.281631470
219.267959595
219.267501831
219.254394531
218.785400391
218.606262207
218.566741943
218.524520874
218.103363037
218.013046265
217.989379883
217.710494995
217.667633057
217.352172852
217.338226318
217.218414307
217.141189575
217.051712036
216.522918701
216.377593994
216.284042358
216.196151733
216.146209717
216.138519287
216.124801636
215.531692505
215.131072998
215.017410278
214.906860352
214.895202637
214.854370117
214.743438721
214.603683472
214.568344116
214.547088623
214.469604492
214.414001465
214.391464233
214.263198853
214.255065918
214.203552246
214.064544678
213.910400391
213.813339233
213.704071045
213.659194946
213.039688110
213.014175415
212.903594971
212.822189331
212.572586060
212.477996826
212.343307495
212.286666870
212.128356934
212.082168579
211.978591919
211.924407959
211.625595093
211.615310669
211.470870972
211.277740479
211.188049316
211.150238037
210.850280762
210.781616211
210.759979248
210.735855103
210.717208862
210.611007690
210.527481079
210.168151855
210.117416382
210.091537476
209.768203735
209.704086304
209.675415039
209.533203125
209.524703979
209.382919312
208.595123291
208.429809570
208.321731567
208.284500122
208.192062378
208.014755249
207.837478638
207.790298462
207.748550415
207.740036011
207.722229004
207.625869751
207.563354492
207.475967407
207.441406250
207.279724121
207.126205444
206.987396240
206.856628418
206.685012817
206.659805298
206.393127441
206.188583374
205.638320923
205.576538086
205.521606445
205.458114624
205.436309814
205.417526245
205.347351074
205.320556641
204.869689941
204.558334351
204.357131958
204.001037598
203.902191162
203.788848877
203.673263550
203.625656128
203.550857544
203.501129150
203.161087036
203.078384399
203.072372437
203.023406982
202.924209595
202.736343384
202.574462891
202.272308350
202.141662598
202.115951538
202.078887939
201.892364502
201.871887207
201.613723755
201.587768555
201.536300659
201.413391113
201.087478638
201.007415771
200.887191772
200.673904419
200.555892944
200.405776978
200.336975098
200.296981812
199.913818359
199.881790161
199.800796509
199.724258423
199.720352173
199.678741455
199.673950195
199.649703979
199.558395386
199.534744263
199.271484375
199.019866943
199.014770508
198.998641968
198.718551636
198.481079102
198.148620605
198.099044800
197.932250977
197.877944946
197.874374390
197.742691040
197.660705566
197.395095825
197.325973511
197.238922119
197.112930298
197.028305054
196.713867188
196.681289673
196.671920776
196.485870361
196.227874756
196.219726562
196.182739258
196.017456055
195.989257812
195.794097900
195.686126709
195.615112305
195.111389160
194.607009888
194.542114258
194.502990723
194.462234497
194.369445801
194.369277954
194.276016235
194.221664429
194.208038330
194.116928101
193.899124146
193.253463745
193.189300537
192.752639771
192.683761597
192.612426758
192.567916870
192.535156250
192.451522827
192.116653442
191.581451416
191.412780762
191.284057617
191.245864868
190.945846558
190.862106323
190.737762451
190.544296265
190.496078491
190.414138794
190.315399170
190.217391968
189.967025757
189.879364014
189.629104614
189.605209351
189.384445190
189.327423096
189.287414551
189.113937378
189.056808472
188.890243530
188.800048828
188.470779419
188.400543213
188.398895264
188.392364502
188.295272827
188.278533936
188.267349243
188.118301392
188.040313721
187.966186523
187.883422852
187.859817505
187.858032227
187.821960449
187.674362183
187.359146118
187.216629028
187.152175903
187.124404907
187.114944458
187.035171509
186.934020996
186.840377808
186.692657471
186.684768677
186.682418823
186.675292969
186.639205933
186.633880615
186.611312866
186.471069336
185.889907837
185.875549316
185.708511353
185.590744019
185.433898926
185.430267334
185.426162720
185.321182251
184.970535278
184.764907837
184.723403931
184.666320801
184.650573730
184.642425537
184.475265503
184.471481323
184.386993408
183.902633667
183.894119263
183.821136475
183.815719604
183.725677490
183.687896729
183.603042603
183.550979614
183.398422241
182.981826782
182.529113770
182.471786499
182.138137817
182.012847900
181.782730103
181.682693481
181.633483887
181.630630493
181.629821777
181.563873291
181.524017334
181.350372314
181.025787354
180.917022705
180.801452637
180.738830566
180.713363647
180.518127441
180.501770020
180.498031616
180.444366455
180.432571411
180.249832153
180.147720337
180.122238159
180.068069458
179.835021973
179.715621948
179.485000610
179.230010986
179.153335571
179.103713989
179.076934814
178.477050781
178.408782959
178.350540161
178.349029541
178.231277466
178.067077637
177.962707520
177.682739258
177.675415039
177.605941772
177.497100830
177.223602295
177.152709961
177.104843140
176.679595947
176.517044067
176.396942139
176.031051636
175.923416138
175.676773071
175.675384521
175.620681763
175.546798706
175.338088989
175.296905518
175.143234253
175.132812500
174.916854858
174.871505737
174.536407471
174.478607178
174.475234985
174.399520874
174.157226562
173.894409180
173.267608643
172.950378418
172.946655273
172.518737793
172.253005981
172.242980957
172.195999146
171.944900513
171.892868042
171.890563965
171.631591797
171.585510254
171.422256470
171.379425049
171.316650391
171.297500610
171.210494995
171.119247437
170.790664673
170.760894775
170.737258911
170.118240356
170.112976074
170.097763062
170.072280884
169.873825073
169.861328125
169.683197021
169.639022827
169.420654297
169.324615479
169.290176392
169.263397217
169.250732422
169.179565430
168.907302856
168.699539185
168.699340820
168.554870605
168.424850464
168.082458496
167.994674683
167.765548706
167.727355957
167.340499878
167.144500732
167.115036011
166.856292725
166.827133179
166.805068970
166.761596680
166.668060303
166.613525391
166.467987061
166.346710205
166.241714478
166.209564209
166.182769775
166.061447144
165.986129761
165.737426758
165.530731201
165.465576172
165.371612549
165.312225342
165.184814453
165.123199463
165.108474731
165.038803101
164.982543945
164.896362305
164.808959961
164.731216431
164.724029541
164.709182739
164.645309448
164.575164795
164.461532593
164.350784302
164.269546509
164.009490967
163.908920288
163.854598999
163.776428223
163.734817505
163.696716309
163.684509277
163.605926514
163.566238403
163.540542603
163.348724365
163.339202881
163.287170410
163.268798828
163.132324219
163.106857300
162.953613281
162.919799805
162.587585449
162.486206055
162.290008545
162.171020508
162.103179932
