3661.800781250
3320.249267578
3062.347656250
2955.119384766
2934.674072266
2934.132812500
2863.123779297
2843.105957031
2837.070556641
2730.521728516
2632.604492188
2585.852294922
2517.377441406
2458.336914062
2405.182128906
2398.073486328
2389.791748047
2343.533447266
2322.778564453
2279.457031250
2275.260009766
2270.765869141
2246.745849609
2239.981445312
2206.239257812
2186.662841797
2126.601074219
2109.384521484
2070.491210938
2036.449340820
2005.765014648
2002.266967773
1996.011596680
1964.299926758
1947.616333008
1929.666015625
1913.080810547
1904.427368164
1902.544799805
1896.974365234
1892.477294922
1876.714477539
1874.836425781
1867.000488281
1863.649780273
1850.700195312
1843.864746094
1840.065185547
1839.526000977
1837.348510742
1836.725952148
1833.249145508
1816.710327148
1794.239013672
1791.115966797
1779.527343750
1771.166137695
1750.851928711
1740.899536133
1729.827514648
1727.901245117
1720.611206055
1717.546508789
1716.543212891
1712.607299805
1706.988525391
1706.736938477
1701.820312500
1698.992797852
1681.377929688
1673.728881836
1665.114501953
1664.484375000
1663.443725586
1661.934204102
1660.168823242
1646.201293945
1638.028076172
1637.520996094
1636.329956055
1629.443603516
1629.261230469
1627.377441406
1619.537597656
1618.413208008
1611.061157227
1599.934204102
1597.106201172
1596.965087891
1594.386474609
1584.089721680
1581.375854492
1578.501586914
1576.613769531
1566.497436523
1552.487182617
1550.969116211
1550.662841797
1547.775512695
1547.210449219
1545.648071289
1541.225463867
1536.583129883
1534.687622070
1534.056884766
1532.424072266
1528.118164062
1525.879760742
1525.316162109
1523.624633789
1522.448120117
1519.123168945
1516.003784180
1515.956054688
1512.223632812
1505.083862305
1500.674438477
1498.623046875
1493.096557617
1492.026611328
1488.678344727
1487.121704102
1483.585815430
1480.391357422
1479.778686523
1477.361816406
1476.532836914
1476.162841797
1473.617553711
1472.820678711
1471.546264648
1467.704467773
1464.075927734
1460.573974609
1456.512084961
1451.540283203
1448.967773438
1448.291381836
1447.965820312
1441.077392578
1439.807128906
1437.706909180
1432.073120117
1431.919067383
1430.691284180
1427.330688477
1415.165039062
1412.674194336
1412.280273438
1410.265014648
1409.141479492
1408.905151367
1407.680419922
1407.536987305
1405.521606445
1404.193725586
1398.360595703
1393.987182617
1391.731445312
1389.939331055
1389.569580078
1388.511352539
1386.507324219
1385.556030273
1384.634643555
1382.678833008
1377.967651367
1377.187866211
1375.930053711
1374.960205078
1372.853637695
1371.366943359
1367.406982422
1361.182739258
1359.659423828
1358.183959961
1347.972045898
1345.764770508
1342.969238281
1342.364257812
1336.472290039
1332.325683594
1330.054809570
1329.272216797
1326.243896484
1325.228759766
1324.242553711
1323.079345703
1320.635742188
1320.058837891
1319.812622070
1318.914184570
1317.735107422
1316.769531250
1316.234375000
1309.860839844
1309.475952148
1306.321166992
1306.029663086
1303.653442383
1301.623657227
1300.038574219
1298.442993164
1296.920166016
1292.987304688
1284.500488281
1283.261718750
1281.601440430
1279.964843750
1274.343261719
1267.033081055
1265.463623047
1264.040161133
1262.704101562
1261.116333008
1259.447631836
1256.416625977
1256.145141602
1245.667236328
1242.849975586
1242.214599609
1241.586669922
1240.035522461
1239.179687500
1234.908813477
1233.931152344
1233.705810547
1232.684814453
1230.554809570
1228.922241211
1228.846557617
1228.570678711
1226.367309570
1224.166503906
1218.321289062
1217.403076172
1216.286621094
1211.618408203
1210.691894531
1208.894653320
1205.995483398
1201.794677734
1197.848266602
1197.681274414
1196.590942383
1194.632568359
1194.291381836
1192.900146484
1188.999145508
1188.662963867
1187.116088867
1186.724853516
1185.783081055
1183.541259766
1182.369018555
1181.403076172
1180.551391602
1180.308837891
1180.228149414
1179.725341797
1179.272338867
1177.045288086
1174.377563477
1173.241699219
1173.090209961
1171.977294922
1171.613525391
1171.098144531
1170.929321289
1170.877929688
1170.591308594
1170.045654297
1169.436035156
1169.308349609
1168.604492188
1167.464965820
1167.452026367
1166.141967773
1165.821899414
1162.822265625
1162.548095703
1161.862792969
1160.855957031
1159.059082031
1157.341186523
1155.180175781
1154.589355469
1154.321899414
1151.797973633
1149.496215820
1149.140747070
1148.055908203
1148.004638672
1145.036743164
1144.597167969
1144.005859375
1143.166503906
1143.055786133
1143.046508789
1142.057006836
1140.596801758
1139.949707031
1139.000000000
1138.650146484
1138.578979492
1137.139282227
1135.142456055
1132.968017578
1130.750976562
1130.641845703
1130.099609375
1128.787109375
1127.581054688
1127.225219727
1125.689819336
1121.204101562
1120.693847656
1120.595214844
1118.382324219
1117.536499023
1116.559082031
1115.787597656
1115.434936523
1114.135864258
1112.728027344
1112.389404297
1111.999877930
1111.508056641
1110.171508789
1109.831787109
1107.919799805
1106.695556641
1106.677368164
1106.289428711
1105.581298828
1103.288818359
1102.992309570
1102.564086914
1102.208984375
1101.418579102
1101.249389648
1098.151611328
1097.922973633
1096.069213867
1095.210937500
1094.331665039
1093.273315430
1092.927490234
1091.650268555
1090.924072266
1088.142944336
1085.514160156
1084.078613281
1077.291503906
1075.013916016
1074.504272461
1074.211914062
1072.878784180
1072.683349609
1070.500122070
1067.886840820
1067.710327148
1067.553833008
1066.771362305
1066.004638672
1064.668212891
1064.225952148
1063.835571289
1062.507080078
1062.351318359
1061.480712891
1058.593261719
1057.372192383
1056.050415039
1055.651855469
1052.593750000
1052.173583984
1051.989135742
1051.455932617
1050.497558594
1050.161621094
1048.367187500
1048.190673828
1047.866821289
1047.008422852
1044.558471680
1044.347167969
1044.146850586
1043.718627930
1042.404785156
1042.382568359
1042.112915039
1041.488525391
1041.445434570
1040.243896484
1040.001220703
1039.576171875
1038.357421875
1037.222900391
1036.662475586
1031.561035156
1031.465576172
1029.799072266
1029.422729492
1027.617919922
1027.280883789
1026.694946289
1026.620971680
1022.759338379
1022.403015137
1021.447265625
1019.586303711
1019.515136719
1018.602416992
1017.666564941
1017.578308105
1015.298400879
1010.789672852
1010.378234863
1009.911315918
1007.996704102
1006.949707031
1006.027648926
1005.829772949
1005.155517578
1003.062072754
1002.135253906
1001.733703613
1001.031921387
1000.536926270
999.941345215
998.639587402
998.073181152
997.978698730
997.237609863
996.033081055
994.267211914
993.360229492
993.272460938
990.182189941
988.206298828
985.626281738
984.270751953
983.510375977
983.350097656
982.397705078
982.015686035
979.632263184
979.058593750
978.622619629
977.892944336
977.877746582
977.721679688
977.244384766
975.145996094
974.607849121
974.480651855
974.013061523
973.302551270
972.869995117
972.121765137
970.305419922
969.391174316
969.031250000
966.900573730
964.581176758
964.238342285
964.172851562
963.476562500
963.355895996
958.899353027
958.495117188
957.455871582
957.171569824
954.234191895
953.749145508
953.334167480
952.640747070
952.275390625
951.018615723
950.378173828
949.596862793
948.022644043
947.379516602
947.303405762
947.095703125
946.093322754
945.686584473
943.208496094
942.788391113
941.067749023
937.581848145
936.594482422
935.737304688
933.978698730
933.469482422
932.344177246
931.122192383
929.783569336
929.741455078
928.985046387
928.807617188
927.610961914
927.419860840
927.054687500
926.775695801
926.103027344
924.962768555
924.629272461
923.980407715
921.786437988
920.357971191
919.901489258
919.585693359
919.286437988
916.681701660
916.610534668
916.276000977
916.075500488
915.622985840
913.076965332
912.881103516
912.765869141
911.765625000
910.304687500
910.151367188
909.188110352
908.797485352
908.484069824
908.366821289
908.302917480
908.256103516
907.795227051
906.922119141
906.798889160
905.825683594
905.738586426
904.077209473
903.637695312
903.271789551
902.308654785
898.888671875
897.395507812
895.930725098
894.302185059
893.559204102
893.175659180
892.569091797
891.974670410
891.709594727
889.448608398
887.828002930
886.760620117
884.567443848
883.854492188
883.578918457
883.494995117
881.648132324
881.047851562
879.024047852
878.081909180
876.205688477
876.158264160
874.806396484
873.791076660
873.430908203
868.787536621
867.995727539
867.438049316
866.168884277
865.186462402
863.031616211
862.298706055
861.674926758
860.941345215
860.095764160
859.159301758
859.132995605
859.041992188
858.517456055
856.413085938
856.271911621
855.262023926
854.800292969
854.301757812
853.796936035
853.500610352
851.290588379
850.820678711
848.341613770
847.462951660
847.402099609
847.131896973
846.927978516
846.718627930
844.632080078
844.432922363
844.182800293
843.373840332
841.427795410
838.729431152
838.278320312
837.880676270
836.918395996
833.299194336
832.127685547
832.009094238
831.895751953
831.407165527
831.390869141
829.877075195
828.823425293
828.010864258
825.825805664
825.027648926
824.315795898
824.217956543
823.263549805
823.065490723
821.187622070
820.843627930
820.072814941
817.088684082
816.438171387
816.319152832
816.139953613
814.637817383
813.701293945
813.059020996
810.557006836
809.598937988
808.525390625
808.053955078
808.018005371
807.961486816
806.820251465
806.216308594
805.531799316
802.941345215
802.400756836
801.265441895
800.412353516
799.320678711
798.074279785
797.120910645
796.989379883
795.376159668
794.954101562
793.317871094
793.041259766
792.478881836
792.056030273
791.413940430
791.038818359
790.914306641
789.434204102
788.422668457
785.414428711
784.650329590
784.528137207
784.092102051
782.593505859
782.304199219
779.919250488
779.306945801
777.960693359
776.811706543
776.801879883
776.426330566
775.518554688
773.300903320
769.234802246
768.726196289
768.144104004
766.818237305
766.569702148
763.998291016
762.723754883
762.338806152
761.680175781
760.788085938
758.963745117
758.226928711
757.410461426
756.763061523
756.540405273
754.654296875
753.700866699
752.302307129
751.843383789
751.581481934
750.672973633
750.591064453
750.089599609
749.942443848
749.727478027
749.716247559
749.395263672
749.282287598
748.903137207
748.763732910
747.867187500
747.294311523
746.979431152
746.694580078
746.687316895
746.362915039
744.548583984
744.476318359
744.283142090
744.234558105
744.112548828
743.072753906
742.934814453
742.847534180
742.446777344
742.184387207
741.734191895
739.958923340
739.844482422
739.614196777
739.232666016
738.940307617
738.285278320
737.669250488
737.660583496
736.740234375
736.624328613
734.349487305
733.985046387
733.259887695
732.299682617
732.157409668
731.180236816
730.711608887
730.101989746
727.809875488
727.270141602
727.212646484
727.089965820
726.382995605
726.141113281
725.481201172
724.886718750
724.798889160
724.442321777
722.247253418
721.906250000
720.458435059
719.981262207
719.061462402
718.930786133
718.734802246
717.831176758
717.661376953
716.373901367
716.344543457
716.165649414
715.775207520
714.227600098
714.088256836
713.510314941
713.362243652
713.329162598
711.986938477
711.744934082
711.067626953
709.635986328
709.390197754
708.268066406
707.598510742
707.545715332
705.778625488
705.673645020
704.305480957
703.908264160
702.668090820
702.463623047
700.019470215
699.936767578
699.626037598
699.448364258
699.418273926
699.132873535
698.308227539
698.102355957
697.866638184
696.918945312
696.524963379
696.093750000
695.769348145
694.652404785
694.570129395
694.183593750
693.969116211
692.864379883
692.842956543
692.566467285
691.248168945
689.791809082
689.142944336
688.965209961
688.875244141
687.852172852
687.134582520
687.036254883
686.821899414
685.867919922
685.778991699
685.085998535
685.057739258
684.920715332
684.568359375
682.807739258
682.725585938
680.377929688
680.203247070
679.328186035
679.178771973
678.633300781
678.599731445
677.682983398
677.023742676
676.435791016
675.943054199
675.310180664
675.013122559
674.435729980
674.257446289
673.465393066
672.893249512
672.523132324
671.857116699
671.361083984
670.696411133
670.213073730
669.917785645
669.358886719
668.980224609
668.766540527
666.502502441
666.334960938
666.235961914
666.060302734
664.832702637
664.763549805
664.515808105
663.657165527
663.544006348
663.250671387
662.988525391
662.350769043
662.342468262
661.756958008
661.568786621
661.331054688
660.127197266
659.147094727
658.594970703
658.463806152
657.091186523
656.965332031
656.331542969
655.434570312
655.047302246
653.726135254
653.491149902
653.286437988
653.097595215
651.858886719
651.491333008
651.488403320
651.118774414
651.079406738
649.936584473
648.798095703
648.531188965
648.325256348
647.755249023
647.680603027
647.662414551
646.686584473
646.629882812
646.345581055
646.287963867
645.704284668
645.580810547
644.792358398
644.645263672
644.549926758
643.794860840
641.694946289
640.458496094
640.397705078
640.098632812
638.635803223
637.646728516
637.120422363
636.980224609
636.765502930
636.365722656
636.176513672
635.972900391
635.294799805
633.713806152
633.693115234
632.931701660
632.143981934
632.079895020
631.926879883
631.474853516
630.436096191
630.181945801
629.804077148
629.526733398
629.152770996
627.944335938
627.172729492
627.026428223
627.026245117
626.191162109
625.864135742
625.805725098
625.198669434
624.631774902
624.550964355
624.521423340
623.887390137
623.618225098
623.477661133
622.657775879
622.042480469
621.903686523
621.858764648
621.449157715
621.343811035
620.976074219
620.222351074
619.541076660
619.509704590
618.249938965
618.135864258
617.636962891
617.558044434
616.813476562
616.299255371
615.941772461
614.058105469
613.528808594
612.130493164
612.053833008
611.884521484
611.552062988
611.302368164
610.576965332
610.327209473
609.511230469
608.695861816
608.377868652
608.222290039
607.718627930
607.484558105
606.991760254
606.527954102
606.312011719
605.796936035
605.691833496
605.118225098
604.562133789
604.195495605
604.059143066
603.443115234
603.312011719
601.055664062
600.556152344
600.160034180
599.770324707
599.521789551
598.767700195
598.670593262
598.627563477
598.392089844
598.226440430
598.015075684
597.635131836
597.419860840
597.101318359
596.672668457
596.506164551
596.505249023
595.892333984
594.764709473
594.408020020
594.295898438
594.100769043
593.603454590
592.583923340
592.031921387
591.902648926
590.696838379
590.232360840
590.206298828
589.764770508
589.362365723
588.550109863
586.350219727
586.311706543
586.293823242
586.240112305
586.132141113
585.837646484
585.328918457
584.939331055
584.619384766
584.280944824
583.596313477
582.777832031
581.989807129
581.900268555
581.178222656
580.661743164
579.789001465
579.750549316
579.725280762
579.394897461
579.273742676
578.890014648
578.729858398
578.590148926
577.692993164
577.669555664
577.583618164
577.481323242
577.478637695
576.691284180
575.757690430
574.607360840
573.945739746
572.985961914
572.864807129
572.852416992
572.554870605
572.519531250
572.347106934
572.227294922
570.978210449
570.707458496
570.694091797
570.480102539
569.421142578
569.026550293
568.479187012
568.388732910
567.897949219
567.347167969
567.236877441
566.160766602
565.862060547
565.679687500
565.279235840
565.075805664
564.620300293
564.093444824
563.835632324
563.600463867
563.377197266
563.039855957
562.206848145
561.995666504
561.541320801
561.525878906
561.431579590
561.288085938
561.075988770
560.640258789
560.564636230
560.161926270
559.335021973
559.154541016
558.164428711
557.624145508
557.299072266
556.498107910
556.298461914
555.662658691
555.550415039
554.884155273
554.753723145
554.304992676
553.904724121
552.943298340
552.619628906
552.404235840
552.294006348
551.434753418
551.245483398
550.837707520
550.828979492
550.600158691
550.516784668
550.456237793
550.176818848
549.146240234
548.924255371
548.625488281
548.455627441
548.327697754
548.243713379
547.969238281
547.855957031
547.848388672
547.593566895
547.475891113
546.955810547
546.713989258
545.941894531
545.869323730
545.054260254
544.910400391
544.517028809
544.405761719
544.283020020
544.084594727
544.077941895
543.892028809
543.854736328
543.784973145
543.493225098
543.326721191
543.103149414
542.953430176
542.918273926
542.604370117
542.067932129
542.035949707
541.975646973
540.899597168
540.621093750
540.453247070
539.979492188
539.808776855
539.480957031
539.151367188
539.010559082
538.938171387
538.213684082
537.651428223
537.041931152
536.998413086
536.793945312
535.888793945
534.987731934
534.494628906
534.359802246
534.154235840
533.604125977
533.226745605
532.922973633
532.623596191
532.553222656
532.162841797
532.114379883
532.011962891
531.839660645
531.307067871
530.872009277
528.972778320
528.244079590
527.578857422
526.260803223
525.628356934
525.628173828
525.396484375
525.020324707
523.932617188
522.960083008
522.744445801
522.630859375
522.533508301
522.508056641
522.490905762
522.349975586
522.010559082
521.941101074
521.166564941
521.097229004
521.029113770
520.952453613
520.751464844
520.572143555
520.451599121
519.956542969
518.689453125
518.678344727
518.419067383
518.168762207
518.059814453
516.559020996
515.852844238
515.708984375
515.448608398
515.433105469
515.104492188
515.038879395
514.790039062
514.653503418
514.510498047
514.209777832
512.480834961
512.202453613
512.115417480
511.918579102
511.460571289
511.166564941
510.931762695
510.128448486
509.611938477
509.263031006
509.078186035
508.912628174
507.619995117
507.425628662
507.007873535
506.665191650
506.245849609
505.664093018
505.582183838
505.516082764
505.290588379
503.897674561
503.016143799
502.862701416
501.969940186
501.936584473
501.488983154
501.483245850
501.323242188
500.337432861
500.055267334
499.969329834
499.862976074
499.353332520
499.275054932
498.532775879
498.127716064
497.645782471
497.579254150
497.423004150
496.935150146
496.436187744
496.399963379
496.173675537
495.326843262
495.106201172
494.570251465
493.834045410
493.251342773
491.541748047
490.786071777
490.776947021
490.759399414
490.701873779
490.691253662
490.621826172
490.472198486
490.229095459
490.062866211
489.803894043
489.483886719
489.477294922
489.120361328
489.033172607
488.514648438
488.421081543
488.140991211
487.916931152
487.484527588
487.430786133
487.346496582
486.675415039
486.253967285
485.663970947
485.571380615
485.505981445
485.475189209
485.302001953
485.136596680
485.055267334
484.628051758
484.490325928
483.897094727
483.461425781
483.320098877
483.318725586
482.671691895
482.586395264
482.471221924
482.321044922
481.809906006
481.626708984
481.615814209
481.471099854
481.259674072
480.983642578
480.277496338
480.251495361
479.531768799
479.286621094
478.714996338
478.672241211
478.579986572
478.577392578
478.444335938
478.363586426
477.743438721
477.356292725
477.187835693
476.610931396
476.272186279
475.738739014
475.735931396
475.224670410
475.158996582
475.090637207
473.874694824
473.269287109
472.879852295
472.611999512
472.294647217
472.065612793
471.985382080
471.980407715
471.718383789
471.482971191
471.394378662
471.028961182
470.782958984
470.626007080
469.870483398
469.854003906
469.063629150
469.031127930
468.243591309
468.180419922
467.866607666
467.840209961
467.377777100
467.360687256
467.346679688
466.310974121
466.209777832
466.154785156
465.054809570
464.485961914
464.480468750
464.282836914
463.781433105
463.713531494
463.704376221
463.680389404
463.205474854
463.130676270
463.106994629
462.847320557
462.384582520
462.261474609
461.986877441
461.907196045
461.272064209
461.268463135
460.895812988
460.866363525
460.265594482
460.027069092
459.926635742
459.901184082
459.789001465
459.718719482
459.122131348
458.473175049
458.226989746
457.957183838
457.719329834
457.320037842
456.768310547
456.757629395
455.921905518
455.532928467
455.507263184
455.009613037
454.964172363
454.540222168
454.455902100
454.452239990
453.228149414
453.139343262
452.545349121
452.435485840
452.393035889
452.240478516
452.221893311
451.427246094
451.397003174
450.193847656
449.553649902
449.181213379
448.452423096
448.390441895
448.188629150
447.817993164
446.871795654
446.732421875
446.568176270
446.476043701
446.429840088
446.285797119
446.221435547
446.031829834
445.222045898
444.778503418
444.254394531
442.991607666
442.518096924
442.291442871
442.269195557
441.868774414
441.459716797
441.382568359
440.842987061
440.772644043
440.542053223
440.444152832
440.309448242
439.613616943
439.554779053
438.975555420
438.903991699
438.869812012
438.753631592
438.556915283
437.528778076
437.503204346
437.440734863
437.342010498
437.247039795
437.099609375
436.941040039
436.610534668
436.567077637
436.027832031
435.475677490
435.177825928
434.843780518
434.827545166
434.757110596
434.658843994
434.553405762
434.450775146
434.190490723
433.804931641
432.710296631
432.553222656
432.334625244
431.706542969
431.302551270
430.504364014
430.467987061
430.234466553
429.449951172
429.407806396
429.389007568
429.333801270
429.088745117
428.463592529
428.251647949
427.560913086
427.211517334
427.197906494
426.798858643
426.341796875
426.276275635
426.216583252
426.035736084
425.827362061
425.208099365
425.081359863
424.501525879
423.988952637
423.622528076
422.975341797
422.822753906
422.680603027
422.428924561
422.227142334
422.215759277
422.174560547
422.036773682
421.971771240
421.887268066
421.859802246
421.822937012
421.750946045
421.434051514
420.628753662
420.589172363
420.551544189
420.004180908
419.998138428
419.704864502
419.560852051
418.863830566
418.840698242
418.754577637
418.651245117
418.468719482
418.270507812
417.754333496
417.582824707
417.536682129
416.780761719
416.602691650
415.992889404
415.871368408
415.589965820
415.377380371
415.241485596
415.106842041
415.074188232
414.895416260
414.618499756
414.599304199
414.584381104
414.454650879
414.184906006
414.022369385
413.812500000
413.239196777
413.209777832
412.914855957
412.559692383
412.296051025
412.117553711
411.929656982
411.905731201
411.338989258
410.538238525
410.463287354
410.244689941
410.083007812
410.081390381
409.833435059
409.825164795
409.796295166
409.647125244
409.620574951
409.432830811
409.376922607
409.133270264
408.711425781
408.484649658
408.354949951
407.851013184
407.574554443
407.527709961
407.481933594
406.885101318
406.703308105
406.576141357
406.446929932
406.280181885
405.978393555
405.860961914
405.827239990
405.499786377
405.181488037
404.888305664
404.649322510
404.437713623
404.214752197
404.193481445
404.162384033
403.485717773
403.405700684
403.363952637
403.104888916
402.887176514
402.663360596
402.128784180
401.889953613
401.868041992
401.736267090
401.692840576
401.577117920
401.225646973
400.856262207
400.527404785
400.502899170
400.347167969
399.985382080
399.908721924
399.759796143
399.541809082
399.310546875
399.300994873
399.282012939
399.090179443
399.080657959
399.054687500
398.556945801
398.059875488
397.888458252
397.462524414
396.898651123
396.791900635
396.625396729
396.579956055
396.387847900
396.175811768
395.881744385
395.365234375
395.281402588
395.217803955
394.839385986
394.514373779
394.136535645
393.579620361
393.110504150
393.032470703
392.890411377
392.869537354
392.802886963
392.706390381
392.566772461
392.469146729
392.185028076
392.168945312
391.488769531
391.384246826
391.248474121
391.045104980
390.387084961
390.381652832
390.329071045
390.287353516
389.595336914
389.386444092
388.836334229
388.827880859
388.683288574
387.757537842
387.668701172
387.025207520
386.912292480
386.906677246
386.859985352
386.603118896
385.797912598
385.686462402
385.590850830
385.034912109
384.675048828
384.345153809
384.327270508
384.326416016
384.318206787
384.168090820
384.103607178
383.961975098
383.950225830
383.905059814
383.872833252
383.739837646
383.360870361
383.159362793
382.109558105
382.088623047
381.772338867
381.648376465
381.575378418
381.567199707
381.541778564
381.449371338
381.395355225
381.381011963
380.889251709
380.867126465
380.649749756
380.551574707
380.237701416
380.062988281
379.842376709
379.103393555
378.889495850
378.394500732
378.220703125
377.777221680
377.756927490
377.712768555
377.694427490
377.591888428
377.444122314
377.282531738
376.994354248
376.791748047
376.401153564
376.351226807
376.303375244
376.235809326
376.196258545
376.004608154
375.831909180
375.725402832
375.642852783
375.027862549
374.621398926
374.352661133
374.188140869
373.541107178
373.174804688
373.057525635
372.946289062
372.938262939
372.447448730
372.114624023
371.417083740
371.028015137
370.379730225
370.358245850
369.440795898
369.174560547
369.135223389
368.633453369
368.114227295
367.939239502
367.902313232
367.543182373
366.873657227
366.635711670
366.318145752
366.284851074
366.191040039
366.157165527
365.688995361
365.642608643
365.576873779
365.220855713
365.187408447
365.071655273
364.991333008
364.954803467
364.914215088
364.595275879
364.363983154
363.705871582
363.500305176
363.370941162
363.154815674
362.399475098
362.374664307
362.323516846
361.898162842
361.483734131
361.456207275
361.292083740
361.134094238
361.041198730
361.038177490
361.000274658
360.840759277
360.764495850
360.759674072
360.490692139
360.466339111
360.417053223
360.372344971
360.138458252
360.072814941
360.061187744
359.733154297
359.442047119
359.300079346
359.110107422
358.676055908
358.572937012
358.435272217
357.648681641
357.573852539
356.781494141
356.604797363
356.554107666
356.508453369
356.472351074
356.380706787
356.344970703
356.217803955
355.968292236
355.932312012
355.894714355
355.575622559
355.551483154
355.201354980
355.170104980
355.025695801
354.584045410
354.529479980
354.352783203
354.218566895
353.924865723
353.817657471
353.766510010
353.588928223
353.534912109
353.455627441
353.147125244
352.830993652
352.746032715
352.363891602
352.131835938
352.125701904
351.492248535
351.220336914
351.196960449
350.914154053
350.753845215
350.419982910
350.387451172
350.137176514
349.517242432
349.193908691
349.055999756
349.029876709
348.912048340
348.816070557
348.802795410
348.350708008
348.297515869
348.144470215
348.047882080
347.766815186
347.685821533
347.489868164
347.012756348
346.619598389
346.214935303
346.102722168
345.610534668
345.509857178
345.467315674
345.411529541
345.219604492
344.645416260
343.939270020
343.320587158
342.962463379
342.885559082
342.496826172
342.324401855
342.173797607
341.967132568
341.957702637
341.888000488
341.763580322
341.713470459
341.710449219
341.362854004
341.334197998
340.497528076
340.035369873
339.749633789
339.592285156
339.457855225
339.443572998
339.421295166
339.149322510
339.028259277
338.987182617
338.970458984
338.471160889
338.445770264
338.394104004
338.342712402
338.163818359
337.960540771
337.834075928
337.763122559
337.723114014
337.628814697
337.292968750
337.255584717
336.854675293
336.823730469
336.795898438
336.757049561
336.639984131
336.503173828
336.369781494
336.133605957
335.947387695
335.912536621
335.514923096
335.492370605
335.345245361
335.287078857
335.138488770
335.007354736
334.396118164
334.265228271
334.072204590
334.070800781
333.916107178
333.682495117
333.615295410
333.534454346
333.285522461
333.223541260
333.176269531
332.819213867
332.795166016
332.518554688
332.492279053
332.392425537
332.267089844
332.051269531
331.731109619
331.442535400
331.077301025
331.026275635
330.678802490
330.374359131
330.095245361
330.073425293
329.863769531
329.319732666
329.246948242
328.986694336
328.863739014
328.794219971
328.637207031
328.616485596
328.553619385
328.152648926
327.759002686
327.672485352
327.299377441
326.967407227
326.770019531
326.609832764
326.526062012
326.096954346
326.079467773
325.749908447
325.542633057
325.416229248
325.204620361
325.130493164
324.952667236
324.906890869
324.442626953
324.438842773
324.424102783
324.315032959
324.312530518
324.071533203
323.672851562
323.641723633
323.555236816
323.203613281
322.962310791
322.893280029
322.873107910
322.744812012
322.698242188
322.523132324
322.370269775
322.271697998
322.261352539
322.063568115
321.995941162
321.873870850
321.733642578
321.528594971
321.282379150
321.141235352
320.999176025
320.939086914
320.846221924
320.811859131
320.563415527
320.182708740
320.127960205
320.035430908
319.807708740
318.805694580
318.579498291
318.191375732
317.507324219
317.323669434
316.957153320
316.208465576
315.907897949
315.822479248
315.546356201
315.423767090
315.329315186
315.224548340
315.019104004
314.920440674
314.913085938
314.765594482
314.627838135
314.533782959
314.501190186
314.154571533
314.129699707
314.009033203
313.873382568
313.458618164
313.351470947
313.227355957
313.061492920
312.680389404
312.532714844
312.266082764
312.216461182
312.089233398
311.984893799
311.857086182
311.710144043
311.504302979
311.393798828
311.314910889
311.097106934
310.976531982
310.788391113
310.702392578
310.477355957
310.414703369
310.253356934
310.105102539
309.985839844
309.184387207
309.119964600
308.769439697
308.629669189
308.516357422
308.088134766
308.045196533
307.898437500
307.752044678
307.559906006
307.409667969
307.163574219
306.936279297
306.879852295
306.801147461
306.278472900
305.939758301
305.815338135
305.479003906
305.416809082
305.194000244
305.138458252
304.975952148
304.886047363
304.811004639
304.418823242
304.381164551
304.241424561
304.170532227
303.844848633
303.500274658
303.495239258
303.428222656
303.263580322
303.164978027
303.133605957
302.902954102
302.851623535
302.532867432
302.490997314
302.409790039
302.361724854
302.280120850
302.093597412
301.839660645
301.801208496
301.778930664
301.465118408
301.014709473
300.598419189
300.512481689
300.433502197
299.961669922
299.907653809
299.881042480
299.800933838
299.547576904
299.341186523
299.249237061
298.798095703
298.766357422
298.523956299
298.477508545
298.009857178
297.879547119
297.751251221
297.303009033
297.285217285
297.228515625
296.692962646
296.609558105
296.518707275
296.418640137
296.416046143
296.178192139
295.988555908
295.971343994
295.920501709
295.528717041
295.419067383
295.293121338
295.269378662
295.229248047
295.169311523
295.139495850
294.847473145
294.761047363
294.615447998
294.602294922
294.472534180
294.275390625
294.242553711
294.188659668
293.651458740
293.498931885
293.461791992
293.290344238
293.043090820
293.003723145
292.933288574
292.900268555
292.709289551
292.189971924
292.164428711
291.759826660
291.696228027
291.549530029
291.462524414
291.244537354
290.788909912
290.769989014
290.465087891
289.965179443
289.874450684
289.823120117
289.803314209
289.753082275
288.831115723
288.754760742
288.693664551
288.487976074
287.959930420
287.810791016
287.687011719
287.629577637
287.582611084
287.564361572
287.518554688
287.251129150
287.122467041
287.035491943
286.907287598
286.856506348
286.826477051
286.640075684
286.341064453
286.326629639
286.143676758
286.135284424
285.992187500
285.858306885
285.783447266
285.708221436
285.604644775
285.319030762
285.145385742
284.816925049
284.453765869
284.354797363
284.123077393
284.053619385
283.969329834
283.814788818
283.604431152
283.395721436
283.158081055
283.076080322
282.977386475
282.935516357
282.908630371
282.750762939
282.569519043
282.389862061
282.382812500
282.348632812
282.293212891
282.135742188
281.648315430
281.431365967
281.149047852
281.087188721
280.842895508
280.760620117
280.382080078
280.345489502
280.221130371
279.870788574
279.769226074
279.506744385
279.231475830
279.147766113
279.119293213
278.931610107
278.668334961
278.454132080
278.059417725
277.927124023
277.913269043
277.895507812
277.866912842
277.704772949
277.571380615
277.420684814
277.398284912
277.371612549
277.307250977
277.221282959
276.803985596
276.762481689
276.740203857
276.562438965
276.457885742
276.254791260
276.248260498
276.037109375
276.009552002
275.975463867
275.249969482
275.200408936
275.191650391
275.190887451
275.105285645
274.997406006
274.871063232
274.777496338
274.622039795
274.577148438
274.310546875
274.049713135
273.920745850
273.824829102
273.624694824
273.598937988
272.952545166
272.569427490
271.822662354
271.545318604
271.141479492
271.135040283
271.003204346
270.964355469
270.797363281
270.700531006
270.622100830
270.587524414
270.364715576
270.216583252
270.058776855
269.989562988
269.979003906
269.977783203
269.644989014
269.315277100
268.827697754
268.770385742
268.370758057
268.326751709
267.915161133
267.817535400
267.783782959
267.747894287
267.740722656
267.705657959
267.663421631
267.301635742
267.277435303
267.078399658
266.710754395
266.682830811
266.645538330
266.590637207
266.284149170
266.255432129
266.187072754
266.106628418
265.805938721
265.631500244
265.203063965
265.033813477
264.784851074
264.436401367
264.059234619
264.028228760
263.986022949
263.898040771
263.881988525
263.775115967
263.562408447
263.439910889
263.015045166
262.927093506
262.925994873
262.912078857
262.418243408
262.257720947
262.006805420
261.761230469
261.729095459
261.700866699
261.695587158
261.185150146
261.041320801
260.644104004
260.602508545
260.251861572
260.251739502
260.157531738
259.856872559
259.730468750
259.710632324
259.597320557
259.596191406
259.321441650
259.083587646
259.008636475
258.958251953
258.901062012
258.635528564
258.622253418
257.720336914
257.543029785
257.253448486
257.220581055
257.047912598
256.701232910
256.677856445
256.672729492
256.562469482
256.552337646
256.532379150
256.517089844
256.510833740
256.435180664
256.237609863
256.200347900
256.011657715
255.870300293
255.728607178
255.542617798
255.468933105
255.460922241
255.240234375
255.080551147
254.980743408
254.828170776
254.554901123
254.536376953
254.519119263
254.452590942
254.346450806
253.874588013
253.829162598
253.368453979
253.342071533
252.455886841
252.438690186
252.253051758
252.098846436
252.056518555
252.042434692
251.780380249
251.603866577
251.581420898
251.561828613
251.441802979
251.350982666
251.183258057
251.040390015
250.847396851
250.633682251
250.443893433
249.842544556
249.756347656
249.710693359
249.661712646
249.630371094
249.615249634
249.461441040
249.386215210
249.330627441
249.328613281
249.028625488
248.838577271
248.664901733
248.630950928
248.626113892
248.535888672
248.483474731
248.443740845
248.381988525
248.029922485
247.790222168
247.743576050
247.721527100
247.671524048
247.329986572
247.116836548
247.058700562
246.979400635
246.951309204
246.927261353
246.899398804
246.879882812
246.746017456
246.574127197
246.532653809
246.495697021
246.375473022
246.286529541
246.285232544
246.274749756
246.139572144
245.807693481
245.771118164
245.702224731
245.649185181
245.577972412
245.385757446
245.256042480
244.843719482
244.800949097
244.772399902
244.539245605
243.997879028
243.845092773
243.636199951
243.603363037
243.560775757
243.510116577
243.479446411
243.432235718
242.919158936
242.854644775
242.847351074
242.707733154
242.435394287
242.367813110
242.223861694
241.878326416
241.860458374
241.829360962
241.767700195
241.530075073
241.394058228
241.235031128
241.007141113
240.952178955
240.942337036
240.867462158
240.807998657
240.716903687
240.444137573
240.130355835
240.072235107
240.043350220
239.521682739
239.448364258
239.399642944
239.381530762
239.316314697
239.270263672
239.178894043
238.978088379
238.912826538
238.649566650
238.636260986
238.559326172
238.484390259
238.376144409
238.300262451
238.254455566
238.176071167
238.146713257
237.833892822
237.732986450
237.593719482
237.380371094
237.355148315
237.106124878
237.063949585
236.903366089
236.869369507
236.773895264
236.735794067
236.693374634
236.688720703
236.655838013
236.286834717
236.194732666
235.329193115
235.049819946
234.756317139
234.708267212
234.451126099
234.343414307
234.292343140
234.259414673
234.141265869
234.099975586
234.029708862
233.655593872
233.305847168
233.300033569
233.296218872
233.083801270
232.984069824
232.951324463
232.860961914
232.557128906
232.253005981
231.957077026
231.923324585
231.922897339
231.681564331
231.540496826
231.279937744
231.168853760
231.018112183
230.982116699
230.938522339
230.820358276
230.660293579
230.630218506
230.601196289
230.480072021
230.367324829
230.123611450
229.731140137
229.682250977
229.612594604
229.203765869
228.955993652
228.932403564
228.787033081
228.635559082
228.442153931
227.994628906
227.863418579
227.774398804
227.628097534
227.554748535
227.481170654
227.430816650
227.347198486
227.242675781
227.177291870
227.108062744
227.058883667
227.016204834
226.841049194
226.621932983
226.487411499
226.215698242
226.119842529
225.902587891
225.864089966
225.726074219
225.517639160
225.438140869
225.186233521
225.048507690
224.899322510
224.843490601
224.646926880
224.583740234
224.247879028
223.946990967
223.921997070
223.737609863
223.706497192
223.574890137
223.506637573
223.461044312
223.324874878
223.302719116
223.294250488
223.288436890
223.164276123
223.143051147
223.071151733
222.919342041
222.858016968
222.745620728
222.567031860
222.547363281
222.456588745
222.304092407
222.300369263
221.875228882
221.766921997
221.749420166
221.527557373
221.363037109
221.244171143
221.133392334
221.064758301
221.057800293
221.009124756
220.815521240
220.665679932
220.603790283
220.279907227
220.178115845
220.167755127
220.166885376
220.042587280
219.725265503
219.669509888
219.578323364
219.453842163
219.277557373
219.096008301
218.971572876
218.720748901
218.717041016
218.643814087
218.503601074
218.305023193
218.128601074
217.775634766
217.772949219
217.726593018
217.693618774
217.527954102
217.278854370
217.205230713
216.929626465
216.842376709
216.822937012
216.620101929
216.438079834
216.365997314
216.265640259
216.044509888
215.947311401
215.827728271
215.826339722
215.560317993
215.468338013
215.128005981
215.074859619
214.969635010
214.856765747
214.798065186
214.743453979
214.640258789
214.447463989
214.169891357
214.034240723
213.991455078
213.879638672
213.626937866
213.339706421
213.240921021
212.921707153
212.660827637
212.521606445
212.451889038
212.402145386
212.210403442
212.067184448
212.040405273
211.959213257
211.836090088
211.741119385
211.645462036
211.565216064
211.153762817
211.007736206
210.913070679
210.845169067
210.813522339
210.230377197
209.969345093
209.953094482
209.862609863
209.443481445
209.434783936
209.276580811
208.969116211
208.785278320
208.622283936
207.963867188
207.935317993
207.919998169
207.807220459
207.716567993
207.636123657
207.395370483
207.376403809
207.132843018
206.864654541
206.673828125
206.572265625
206.552383423
206.447723389
206.426986694
206.338424683
206.329406738
206.137405396
205.899902344
205.851913452
205.803375244
205.651031494
205.518112183
205.443542480
205.420150757
205.338821411
205.099639893
205.055709839
204.987228394
204.472045898
204.376998901
204.309997559
204.199264526
204.159439087
204.091461182
204.068206787
203.970794678
203.231307983
202.929290771
202.760070801
202.679626465
202.494308472
202.323226929
202.086853027
201.914932251
201.436004639
201.345428467
201.123733521
201.008102417
200.991424561
200.923858643
200.865249634
200.645797729
200.395889282
200.224426270
200.156753540
200.073928833
200.068984985
199.902206421
199.884521484
199.853057861
199.778060913
199.610626221
199.604873657
199.533966064
199.526718140
199.417892456
199.391891479
199.351837158
199.320602417
199.190155029
199.141738892
199.091354370
199.059494019
198.886230469
198.873962402
198.678405762
198.597061157
198.577667236
198.504074097
198.334793091
198.131027222
198.077117920
198.067947388
197.867492676
197.662429810
197.328826904
197.176589966
197.047637939
196.972778320
196.918991089
196.898330688
196.743423462
196.030166626
195.996963501
195.524795532
195.184936523
195.020553589
194.942672729
194.758911133
194.646011353
194.513900757
194.454589844
194.383178711
194.307586670
194.267990112
194.213256836
194.135971069
193.825683594
193.776107788
193.742004395
193.583068848
193.570953369
193.207931519
193.030746460
193.010757446
192.701538086
192.562255859
192.484573364
192.307479858
192.241073608
192.227340698
191.794708252
191.646316528
191.321594238
191.147460938
190.998992920
190.700119019
190.683837891
190.656555176
190.552215576
190.140670776
190.106719971
189.967361450
189.717666626
189.578765869
189.541671753
189.348953247
189.196655273
189.098785400
189.077651978
188.813064575
188.657684326
188.641998291
188.577697754
188.394927979
188.240921021
188.126831055
187.962814331
187.952209473
187.889480591
187.490173340
187.314178467
186.902435303
186.808364868
186.806579590
186.656494141
186.570907593
186.475616455
186.315567017
186.284622192
186.269042969
186.103881836
185.916580200
185.842697144
185.805023193
185.653289795
185.521606445
185.327239990
185.212463379
185.110168457
184.992202759
184.986694336
184.850662231
184.570999146
184.509979248
184.383926392
183.789215088
183.774551392
183.740997314
183.537002563
183.324462891
183.307357788
183.295425415
183.202529907
183.133193970
182.903976440
182.857254028
182.672439575
182.658889771
182.420120239
182.409866333
182.361419678
182.094924927
181.977020264
181.858612061
181.836471558
181.596008301
181.414566040
181.296752930
181.047439575
180.881149292
180.862274170
180.695404053
180.352035522
180.274948120
180.265853882
179.983032227
179.969009399
179.877593994
179.827743530
179.783126831
179.668884277
179.650024414
179.542221069
179.502426147
179.384170532
179.377441406
179.286270142
178.975875854
178.602828979
178.590576172
178.414718628
178.340805054
178.212707520
178.127075195
178.125640869
178.089996338
178.002746582
177.932891846
177.843917847
177.795578003
177.786849976
177.746200562
177.731811523
177.493530273
177.373214722
177.297058105
177.144790649
177.135025024
177.017700195
176.864257812
176.704223633
176.698852539
176.345825195
176.285751343
176.197784424
176.178268433
176.125488281
176.015258789
175.860015869
175.665039062
175.489974976
175.471008301
175.390472412
175.337127686
175.287353516
175.278640747
175.222030640
175.047592163
174.861221313
174.717620850
174.668075562
174.594360352
174.461334229
174.382400513
174.281646729
174.055740356
173.527572632
173.493911743
173.482818604
173.396224976
173.048660278
173.001525879
172.990158081
172.986511230
172.974426270
172.953689575
172.799667358
172.546508789
172.360794067
172.263320923
172.056564331
172.044128418
172.021133423
171.962738037
171.892715454
171.868682861
