2866.718750000
2863.936523438
2774.897460938
2750.683837891
2685.599853516
2672.325195312
2619.425781250
2551.237060547
2543.970947266
2452.772705078
2443.149902344
2389.436767578
2301.440917969
2290.787597656
2236.118652344
2215.733642578
2202.053222656
2185.465087891
2175.069824219
2167.093750000
2148.690917969
2134.997558594
2130.206787109
2084.814941406
2078.854003906
2066.400390625
2034.944213867
2021.854980469
1997.995971680
1992.171386719
1971.678588867
1959.806152344
1926.783447266
1914.325805664
1892.010742188
1887.854370117
1881.696411133
1874.036010742
1848.463989258
1821.521972656
1820.408325195
1793.687500000
1752.013183594
1740.380859375
1706.144775391
1703.061523438
1701.562500000
1695.458007812
1689.778564453
1684.278442383
1681.788818359
1672.102172852
1663.181518555
1659.825195312
1656.242553711
1651.893676758
1649.734863281
1643.985595703
1633.186035156
1619.991699219
1605.278808594
1596.524780273
1591.782592773
1586.368774414
1573.543212891
1564.839721680
1554.602539062
1549.905883789
1545.393554688
1544.412719727
1537.648559570
1525.985351562
1508.770996094
1504.853881836
1500.766113281
1499.076171875
1495.365966797
1493.048583984
1491.057495117
1488.063232422
1468.611206055
1466.985595703
1462.796142578
1450.206542969
1448.874511719
1447.713867188
1446.855957031
1438.213989258
1437.194824219
1431.242431641
1425.985595703
1423.613525391
1422.929443359
1421.848876953
1419.718994141
1419.546997070
1415.350952148
1414.098144531
1408.512939453
1405.162963867
1405.009643555
1403.065795898
1399.767333984
1395.577270508
1394.711791992
1393.580810547
1379.457763672
1373.020996094
1370.622314453
1370.197021484
1368.120239258
1363.194702148
1356.993286133
1356.449951172
1354.992065430
1354.798095703
1350.607055664
1349.377807617
1349.209228516
1344.121582031
1341.521606445
1338.870971680
1336.520507812
1335.245849609
1328.408081055
1320.900512695
1317.825927734
1314.683471680
1310.923950195
1302.011108398
1295.041015625
1294.837646484
1292.749145508
1290.397949219
1289.318603516
1286.739868164
1284.923950195
1274.221923828
1274.022705078
1269.324829102
1266.994750977
1266.682495117
1264.623168945
1259.137451172
1256.449462891
1255.021240234
1250.564453125
1247.437500000
1245.333374023
1244.917236328
1244.269653320
1244.192138672
1244.034545898
1241.171020508
1237.727050781
1236.613525391
1234.903320312
1226.900756836
1226.879882812
1226.337768555
1224.204589844
1222.631958008
1222.340209961
1221.124755859
1217.806762695
1212.171020508
1210.592407227
1210.523193359
1205.481689453
1198.349975586
1197.222778320
1196.456176758
1195.265502930
1195.159301758
1193.080322266
1192.382324219
1189.111572266
1186.232788086
1185.763305664
1175.949218750
1172.537597656
1169.765502930
1169.387939453
1168.291992188
1162.314941406
1161.468383789
1161.451660156
1156.218383789
1155.633911133
1155.268432617
1154.922729492
1154.357543945
1150.565429688
1150.049682617
1149.967041016
1147.734375000
1145.911621094
1142.977050781
1140.797851562
1140.753906250
1140.611083984
1136.751831055
1135.336181641
1131.736328125
1130.392578125
1128.509765625
1127.369140625
1126.229125977
1116.499145508
1115.186401367
1115.030395508
1113.510498047
1113.211425781
1110.710815430
1110.532592773
1109.033447266
1106.808715820
1106.605102539
1105.098510742
1104.182861328
1102.081298828
1101.920654297
1101.075927734
1101.013183594
1100.893676758
1100.411621094
1100.222900391
1097.352905273
1095.676147461
1092.582641602
1090.702026367
1090.272705078
1084.987060547
1079.493408203
1079.232421875
1078.046142578
1077.455566406
1077.038696289
1074.046142578
1070.835815430
1070.550415039
1066.902465820
1066.742431641
1059.875488281
1059.577758789
1059.091308594
1058.079956055
1053.673828125
1053.423950195
1051.204711914
1049.699340820
1047.940795898
1047.125488281
1043.975830078
1043.036621094
1042.818603516
1041.110961914
1039.294921875
1038.857055664
1037.625122070
1036.657348633
1036.438598633
1033.904418945
1033.785034180
1033.745727539
1033.473266602
1031.629760742
1031.373413086
1028.220581055
1027.223022461
1021.855957031
1020.895690918
1020.834716797
1020.363037109
1019.793090820
1017.447509766
1015.801147461
1014.043151855
1013.810729980
1012.914978027
1012.107299805
1011.120239258
1010.351806641
1010.181762695
1009.176879883
1008.105590820
1007.247009277
1006.894042969
1006.687866211
1005.473022461
1003.522827148
1001.359436035
1000.414062500
1000.077392578
998.461303711
998.437377930
996.636291504
996.377380371
996.295898438
995.018066406
994.186401367
993.523498535
990.418395996
988.388244629
988.121765137
985.767028809
984.313110352
982.628173828
982.461975098
980.908508301
979.863769531
977.689147949
977.498291016
976.693115234
976.420715332
972.745300293
969.674804688
969.569885254
969.441833496
969.341369629
965.257446289
961.443908691
961.111877441
959.843078613
958.879577637
957.080017090
956.429809570
956.238586426
956.086975098
955.357482910
954.751586914
953.803466797
952.472656250
951.721435547
950.684692383
949.769104004
948.389892578
947.321105957
945.854125977
943.340881348
941.579772949
938.214050293
936.872314453
936.048095703
936.040344238
935.067871094
933.252746582
932.543945312
932.519531250
931.139587402
930.041687012
928.697753906
921.682861328
921.016662598
920.389953613
918.661621094
917.025573730
916.363708496
915.834106445
915.415771484
914.803771973
914.443237305
912.595092773
910.005371094
909.046081543
908.916015625
907.566528320
903.268554688
902.948364258
902.726501465
901.950500488
899.911499023
899.774963379
899.007202148
899.006591797
897.933044434
896.912780762
894.863098145
894.701660156
891.426696777
889.686828613
888.371765137
887.455688477
886.227355957
886.162170410
885.734924316
885.036193848
884.741333008
883.745178223
883.143859863
880.229736328
879.774719238
879.720275879
878.932556152
877.074890137
876.986389160
876.857849121
876.772399902
876.302612305
876.289550781
875.597167969
874.051391602
870.198974609
869.872619629
868.307189941
868.143249512
867.301574707
866.966552734
866.598388672
865.984497070
864.720642090
863.682067871
863.281555176
862.961059570
862.318847656
861.798156738
860.143737793
859.975402832
859.439392090
859.315612793
858.700195312
858.530700684
858.282348633
857.767700195
855.951416016
855.483154297
853.102783203
852.881408691
849.841613770
849.741088867
848.630676270
847.283142090
845.579406738
845.109008789
844.722351074
844.108886719
843.421203613
843.141052246
841.587585449
841.413940430
841.408813477
839.822937012
839.487182617
839.358276367
838.907165527
838.056274414
837.988525391
837.709716797
837.441528320
835.874023438
835.778503418
835.284606934
835.208129883
833.555603027
832.917358398
832.219482422
831.427490234
831.172851562
830.426696777
827.233154297
827.142272949
825.596435547
825.205261230
824.843444824
822.177001953
821.839660645
821.678649902
820.515747070
820.031005859
819.430053711
818.576110840
818.233276367
817.928710938
817.928100586
816.877624512
816.629699707
813.898803711
810.623901367
809.176208496
808.214050293
807.061767578
805.747619629
805.624267578
805.569458008
804.817626953
804.517456055
804.356506348
803.938049316
801.690307617
801.562377930
801.036621094
800.700439453
800.339416504
796.300537109
795.671508789
795.418701172
795.086425781
794.512573242
794.295227051
793.769592285
793.762207031
790.871032715
790.369812012
790.219421387
788.212036133
788.029235840
785.293579102
784.977355957
784.705627441
784.140747070
783.685241699
782.286071777
780.616821289
780.124572754
779.245727539
779.069458008
778.240417480
777.765991211
776.671752930
775.407409668
774.952392578
774.333801270
772.957702637
772.696105957
771.146789551
771.140258789
770.217163086
769.487304688
767.149841309
765.162597656
765.000976562
764.376770020
762.872985840
762.667602539
761.613830566
760.835876465
760.752868652
760.319885254
758.554809570
757.043151855
755.703491211
755.058593750
754.585754395
753.797851562
753.441711426
752.594360352
752.591430664
751.902770996
750.883666992
749.720520020
748.795166016
748.646606445
748.486389160
744.823791504
744.640380859
744.408813477
743.187927246
742.000488281
741.010681152
738.266479492
737.995605469
737.268920898
736.609008789
735.769836426
735.219360352
734.871337891
733.158081055
732.337585449
731.049926758
728.846618652
725.917724609
725.023254395
724.731079102
724.476928711
723.847290039
722.620300293
721.483276367
721.032470703
720.667053223
719.985290527
719.508789062
719.351196289
717.534423828
716.744262695
716.493774414
716.079467773
714.406066895
713.939575195
713.633972168
712.537292480
712.412780762
711.609619141
711.156066895
711.081665039
710.853149414
710.681457520
709.817077637
707.075988770
706.262756348
706.259216309
706.106872559
702.740783691
701.317016602
701.035156250
700.710266113
700.309692383
699.956054688
699.535095215
697.669616699
697.523742676
696.076477051
695.906127930
695.604919434
694.143188477
693.248718262
691.755432129
691.648681641
688.820617676
688.453918457
687.710388184
686.013122559
684.484863281
683.927856445
683.648742676
683.097534180
682.357543945
682.229003906
680.458435059
678.363952637
677.643615723
677.397583008
676.833435059
676.778930664
676.329833984
676.311157227
676.215026855
675.637207031
674.410583496
674.346679688
672.788635254
672.509399414
671.425109863
671.156372070
670.847656250
670.582824707
669.634155273
669.515136719
667.303344727
667.170532227
666.300354004
666.267700195
665.902465820
665.387512207
665.370849609
664.141723633
663.372436523
662.995300293
661.654052734
660.441284180
659.081970215
658.986816406
658.533081055
658.357910156
658.324340820
657.714294434
657.689025879
656.805236816
656.403686523
656.099365234
655.516174316
655.503906250
655.290710449
654.782836914
654.162597656
653.361450195
651.896301270
651.599365234
650.170654297
650.031066895
649.373535156
648.344299316
647.769470215
647.259948730
643.907104492
643.511657715
643.300598145
642.924804688
642.828125000
641.907653809
641.743530273
641.538208008
641.019714355
641.001647949
640.005249023
639.203674316
639.196777344
638.283264160
638.238708496
638.028442383
637.827026367
636.602355957
634.610534668
634.328369141
634.119689941
632.738891602
632.653259277
631.943298340
630.984558105
630.557373047
629.706787109
628.507629395
628.408386230
628.046569824
627.747070312
627.374938965
627.199645996
626.937866211
625.369567871
624.694519043
624.595458984
623.679809570
623.315307617
621.277954102
621.189697266
621.067504883
618.432006836
617.500305176
616.397521973
615.715209961
615.559997559
614.573913574
614.225524902
614.181274414
614.170959473
614.077209473
612.769958496
611.679931641
611.307495117
609.644226074
609.593139648
608.696960449
608.443786621
607.858764648
607.591369629
607.355895996
605.482543945
605.357055664
604.814208984
603.776672363
603.147705078
601.938476562
601.315368652
600.999206543
600.658752441
599.840454102
599.589355469
599.369262695
598.168457031
597.007385254
596.585266113
595.729248047
595.339233398
595.238098145
595.175109863
593.140930176
593.036682129
593.010681152
592.973449707
592.924072266
592.472473145
591.899169922
591.833129883
590.658447266
590.564025879
590.290283203
589.585693359
588.942993164
588.600402832
586.560058594
586.182800293
585.246093750
585.028625488
584.811096191
584.564392090
584.445922852
584.301879883
584.146423340
583.837768555
583.595825195
583.008544922
583.008300781
582.908386230
582.176757812
581.792175293
581.381652832
580.328063965
580.209106445
578.477661133
577.346740723
576.955505371
576.754516602
576.694030762
576.317199707
576.094360352
574.732055664
574.639709473
574.253906250
574.023803711
573.998291016
573.881713867
573.743286133
573.317016602
573.264953613
571.988647461
571.851379395
571.191650391
570.320983887
570.107177734
569.444396973
569.382263184
568.876037598
568.808837891
568.777770996
568.409484863
568.187133789
567.459350586
567.305297852
566.918762207
566.703674316
566.678100586
566.301086426
565.766479492
565.429260254
564.978637695
564.681701660
563.992309570
563.928100586
563.886657715
563.582275391
563.458496094
562.898559570
562.846008301
562.190551758
562.073791504
562.014648438
559.712402344
559.441894531
558.142883301
557.986877441
557.481140137
554.867553711
554.027587891
553.572265625
552.638732910
552.519287109
552.266052246
552.049316406
551.651733398
551.544982910
550.986633301
549.968811035
549.663269043
549.070556641
548.071960449
546.640380859
546.580627441
545.974182129
545.859191895
545.653503418
545.285461426
545.110961914
544.801452637
544.018798828
543.959045410
543.899658203
543.100097656
543.034362793
542.510559082
542.377868652
542.363830566
541.267944336
541.176391602
541.036193848
540.795104980
540.778747559
537.582214355
537.504333496
537.262451172
537.189147949
536.433227539
536.224792480
535.889831543
535.037658691
534.574462891
534.475585938
534.424438477
533.829956055
533.523254395
532.698120117
532.652526855
532.648071289
532.104064941
531.284973145
530.271057129
530.096313477
526.729858398
526.660217285
526.658264160
526.649536133
526.601379395
526.458068848
526.018249512
524.794799805
524.526489258
523.922973633
523.737548828
523.661437988
523.649536133
522.266479492
521.945007324
521.577209473
521.331970215
521.323120117
520.463928223
520.328979492
520.203430176
520.087890625
519.729675293
519.089965820
519.042968750
519.023742676
518.479614258
517.850463867
517.796325684
517.221252441
516.750061035
516.357116699
515.871093750
514.073486328
513.750732422
513.702697754
513.273864746
513.131896973
512.830749512
512.120971680
511.884582520
511.750244141
510.703674316
509.695068359
509.611785889
509.116241455
508.630187988
508.254577637
508.036834717
507.942016602
507.916809082
507.537048340
507.477142334
507.343841553
507.272125244
506.160430908
505.670654297
505.307922363
505.112609863
505.100616455
503.744506836
503.516937256
503.029144287
502.512084961
502.422943115
502.288543701
502.178924561
501.883117676
501.259887695
500.436645508
500.186828613
500.022674561
499.957946777
499.737182617
499.402587891
498.802947998
498.785827637
497.591094971
497.535736084
497.200042725
497.072113037
496.168334961
495.496612549
495.392486572
495.317779541
495.271911621
495.181976318
495.165466309
494.847106934
494.787414551
494.750762939
494.398406982
494.025360107
493.929382324
493.895507812
493.620178223
493.063293457
492.263916016
492.076934814
491.897552490
491.633514404
491.415710449
491.415069580
491.127593994
489.928924561
489.711181641
489.445495605
489.145660400
488.757598877
487.884582520
487.735443115
487.528198242
487.516387939
487.362854004
486.872711182
486.700836182
486.273010254
486.140899658
486.030578613
485.800048828
485.476257324
485.257080078
485.062255859
484.944610596
484.707946777
483.812988281
483.799285889
483.695739746
483.246398926
483.243957520
483.236846924
483.078125000
483.044464111
482.994232178
482.232452393
482.184783936
481.935211182
481.781036377
481.625244141
480.646301270
480.449645996
480.332183838
480.067993164
479.889648438
479.744537354
479.610931396
479.062988281
478.859680176
478.809844971
478.562133789
477.933807373
477.876129150
477.619140625
477.433166504
476.892547607
476.216979980
476.087982178
475.101776123
474.921600342
473.570312500
473.411010742
473.382049561
472.757293701
472.713317871
471.810211182
471.764282227
471.554504395
470.995422363
470.947631836
470.900115967
470.744659424
469.771484375
469.703521729
469.244201660
469.028900146
469.013366699
468.832336426
468.630157471
468.152679443
468.122985840
467.402069092
467.398986816
466.889099121
466.810485840
466.528472900
466.014831543
465.999877930
465.307281494
465.171997070
465.141235352
465.122558594
464.141326904
463.880462646
462.920135498
462.699920654
462.453277588
462.306060791
462.191406250
462.143249512
462.096801758
462.038879395
461.933807373
461.248474121
461.004974365
460.928558350
460.710357666
460.599243164
460.590698242
460.081695557
459.929534912
459.890075684
459.671051025
459.564361572
459.331329346
458.110168457
457.369842529
457.002197266
456.951385498
456.278106689
456.178680420
455.384338379
455.323303223
455.304901123
455.043579102
454.996490479
454.931060791
454.432006836
454.149810791
453.288635254
452.552734375
451.675445557
451.443328857
450.993988037
450.949645996
450.635803223
450.561309814
450.472290039
450.123168945
450.014251709
449.898742676
449.777526855
449.576446533
449.374176025
449.368591309
449.288391113
449.161987305
448.851745605
448.792083740
448.669494629
447.973388672
447.849304199
447.053192139
446.914154053
446.724609375
446.195983887
445.972381592
445.191223145
445.104492188
444.893524170
444.088653564
443.751983643
443.634002686
442.472137451
442.368713379
441.609313965
441.243591309
441.231750488
441.080627441
440.112304688
439.658294678
439.582763672
438.957092285
438.846099854
438.804046631
438.348602295
437.765411377
437.746643066
436.969848633
436.833770752
436.643829346
436.447601318
436.120574951
435.887603760
435.610198975
435.437622070
434.847747803
434.679077148
434.243743896
434.109741211
433.176391602
432.735900879
432.655426025
432.533416748
432.229858398
431.813659668
431.722198486
431.674591064
431.574401855
431.570129395
431.314941406
430.958801270
430.877166748
430.523376465
430.365234375
429.903411865
429.047454834
428.923736572
428.910430908
428.714904785
428.628417969
428.080474854
428.054046631
427.110595703
426.946166992
426.812103271
426.723236084
426.304992676
426.142852783
426.011779785
425.978790283
425.436309814
425.326538086
425.090667725
424.225585938
423.929412842
422.666046143
422.644439697
422.371673584
422.137512207
421.630126953
421.549652100
420.996307373
420.953491211
420.733459473
419.233245850
418.965942383
418.914154053
418.680877686
418.520904541
418.242828369
417.633728027
417.435729980
416.915771484
416.568664551
416.447692871
416.388305664
416.291931152
416.286560059
416.174743652
415.891998291
415.614440918
414.848602295
413.938995361
413.901489258
413.645843506
412.784240723
412.726593018
412.530822754
412.482116699
412.164062500
412.089416504
412.082061768
411.321990967
411.024963379
410.896301270
410.796173096
410.676544189
410.519622803
410.408996582
410.360443115
409.935455322
409.325439453
407.257263184
407.181304932
406.685821533
406.483825684
406.323425293
406.311157227
406.074432373
405.960205078
405.815277100
405.234100342
405.080108643
404.663818359
404.619384766
404.514526367
404.488555908
404.082336426
403.325561523
402.884216309
402.850524902
402.791961670
402.519989014
402.235717773
401.744995117
401.628143311
401.263641357
401.193847656
401.007568359
400.995178223
400.284820557
400.172912598
399.778167725
398.909576416
398.346832275
398.221405029
398.021667480
397.816070557
397.496215820
397.115753174
396.107055664
396.094390869
395.901275635
395.446685791
395.418243408
395.379638672
395.349212646
395.197723389
394.650909424
394.574737549
394.520721436
394.206726074
394.167877197
393.538574219
392.771972656
392.581298828
392.566711426
392.364532471
392.314270020
392.242950439
392.222473145
391.993896484
391.965423584
391.115814209
390.837280273
390.774627686
390.584167480
390.359863281
390.313079834
390.215301514
389.931549072
389.915954590
389.347595215
389.189117432
388.881134033
388.479370117
387.789703369
387.406585693
387.273406982
386.852386475
386.684936523
386.591400146
386.495910645
386.329772949
386.097534180
385.446411133
385.338806152
384.872192383
384.775115967
384.575012207
383.886566162
383.308868408
383.112030029
382.903198242
382.873474121
382.496643066
381.305053711
381.053100586
380.953613281
380.711944580
380.401672363
380.400512695
380.271362305
379.639434814
378.734436035
378.344512939
378.286285400
378.197204590
378.144134521
378.073577881
377.591857910
377.005798340
376.240905762
376.214355469
375.729888916
375.666259766
374.878051758
374.703125000
374.441162109
374.334411621
374.239318848
374.042510986
373.677673340
373.286590576
373.133270264
373.091461182
372.847442627
372.803192139
372.541290283
372.030548096
371.962524414
371.797576904
371.759582520
371.612487793
370.523895264
369.092285156
369.046783447
368.800262451
368.621826172
368.024566650
367.953918457
367.681976318
367.323089600
367.045227051
366.728759766
366.713531494
366.634277344
366.154876709
365.470916748
365.069122314
364.141632080
363.348144531
362.504150391
362.503753662
361.795471191
361.025665283
360.763671875
360.450469971
360.080963135
359.996978760
359.587158203
359.301544189
359.252044678
358.963317871
358.815673828
358.787963867
358.570617676
358.477600098
358.263610840
358.077148438
357.942504883
356.862823486
356.353729248
356.302032471
355.748992920
355.694061279
355.493621826
355.446563721
355.288055420
355.247344971
355.018310547
354.998687744
354.977874756
354.838134766
354.834533691
354.718536377
354.681945801
354.677398682
354.239624023
354.236572266
353.895416260
353.639221191
353.351776123
353.321929932
353.275421143
353.263854980
352.931793213
352.863739014
352.790985107
352.613861084
352.562591553
352.192596436
352.009033203
351.840332031
351.725738525
351.331390381
350.855834961
350.704711914
350.643920898
350.403106689
349.958496094
349.790740967
349.785766602
348.903442383
348.741027832
348.656738281
348.359191895
348.280334473
348.086486816
348.061340332
347.961547852
347.744049072
347.666473389
347.412322998
347.367889404
346.681762695
345.851562500
345.137420654
345.039154053
345.020355225
345.004791260
344.991149902
344.806701660
344.473754883
344.415679932
344.224456787
344.206024170
344.179504395
343.820434570
343.750549316
343.641754150
343.598968506
343.075622559
342.814392090
342.708282471
342.605316162
342.188842773
342.062072754
342.021026611
341.941314697
341.572601318
341.473083496
340.613403320
340.513916016
340.311889648
340.304809570
339.799835205
339.560211182
339.428344727
339.393066406
338.904907227
338.679077148
338.583557129
338.575134277
338.447540283
338.066833496
337.248046875
337.102264404
337.056762695
336.847595215
336.478820801
336.251495361
336.210205078
335.919219971
335.883605957
335.810394287
335.685577393
335.494201660
335.386230469
335.255065918
335.053436279
334.906311035
334.896606445
334.772155762
334.706695557
334.606658936
334.282226562
334.271545410
334.243591309
333.929992676
333.844116211
333.698944092
333.211090088
333.205017090
333.045440674
332.962860107
332.671783447
332.528717041
332.400482178
332.102600098
331.499389648
331.232757568
331.135437012
330.884979248
330.717468262
330.696655273
330.687469482
330.540405273
330.297943115
330.100036621
329.749206543
329.544158936
329.414062500
329.373565674
329.360198975
329.307952881
329.235443115
329.131378174
328.938171387
328.916931152
328.057708740
327.686462402
327.574920654
327.410827637
326.338745117
326.191345215
326.040985107
325.996093750
325.649932861
325.581970215
325.481781006
325.386749268
325.290313721
325.265960693
325.239959717
325.170043945
325.131225586
325.067840576
324.951507568
324.849731445
324.772247314
324.474700928
324.294586182
324.209594727
324.134643555
324.048614502
323.982025146
323.907501221
323.718200684
323.182678223
323.122955322
323.096740723
323.089385986
322.868194580
322.800872803
322.719451904
322.595428467
322.453063965
322.392852783
322.265686035
322.199096680
322.108398438
321.917083740
321.373291016
321.289703369
321.245513916
321.191680908
321.124969482
320.792083740
320.778381348
320.492156982
320.401428223
319.937103271
319.923309326
319.860534668
319.596252441
319.563446045
319.400756836
319.062561035
319.056823730
318.594177246
318.442352295
318.421752930
318.225463867
318.188262939
318.164978027
318.135620117
318.038116455
317.822418213
317.601959229
317.587615967
317.322265625
317.084014893
317.073394775
316.355804443
316.271301270
315.712921143
315.711730957
315.621887207
314.890075684
314.886596680
314.854156494
314.527709961
314.512176514
314.445831299
314.229980469
314.222686768
313.693389893
313.472167969
313.391754150
312.913665771
312.809967041
312.483032227
312.391937256
312.303802490
312.276428223
312.197509766
311.861022949
311.528900146
310.787200928
310.774291992
310.735260010
310.675231934
310.250671387
310.221466064
310.212982178
310.129486084
310.044830322
309.489990234
309.126617432
308.886535645
308.631072998
308.207366943
307.681823730
307.664642334
307.600280762
307.509338379
307.379791260
307.322204590
307.118682861
306.988708496
306.787811279
306.784698486
306.491119385
306.343994141
306.278808594
306.245635986
306.175231934
306.159729004
305.935485840
305.882781982
305.873443604
305.719360352
305.598876953
305.010253906
304.888641357
304.826080322
304.742248535
304.574432373
304.517150879
304.493835449
304.311065674
304.173919678
303.972656250
303.960144043
303.696838379
303.450073242
303.441406250
303.050933838
302.835845947
302.814941406
302.685028076
302.628387451
302.614807129
302.520080566
302.491851807
302.486450195
302.311523438
302.237121582
302.137908936
302.106262207
302.087890625
302.016113281
301.900146484
301.637542725
301.607940674
301.558593750
301.378112793
301.324951172
301.032470703
300.908081055
300.476654053
300.276763916
299.964843750
299.523284912
299.516723633
299.308837891
299.246459961
299.176818848
299.140380859
299.086578369
298.833068848
298.672302246
298.048828125
297.851745605
297.448486328
297.377929688
297.377044678
297.260437012
297.096252441
296.985137939
296.702514648
296.615325928
296.596557617
296.542694092
296.353790283
296.320281982
296.163726807
296.121459961
296.001403809
295.943542480
295.905456543
295.667144775
295.598999023
295.179443359
295.162384033
295.088775635
295.078887939
294.829223633
294.705932617
293.724670410
293.365692139
293.244232178
293.139770508
293.113983154
292.922149658
292.899383545
292.667541504
292.162841797
292.133819580
291.939544678
291.615936279
291.609832764
290.910034180
290.790924072
290.710296631
290.690093994
290.623535156
290.056915283
289.893737793
289.675018311
289.311096191
289.279083252
289.238281250
289.101196289
289.052124023
288.809692383
288.655181885
288.642822266
288.619201660
288.238616943
288.210998535
288.171356201
288.084747314
287.974670410
287.668914795
287.461700439
287.331878662
287.101440430
287.020507812
286.942657471
286.942108154
286.767547607
286.663909912
286.552185059
286.427703857
286.343658447
286.304290771
286.259155273
286.096710205
286.086730957
285.956787109
285.862854004
284.996917725
284.911010742
284.867187500
284.825439453
284.349212646
284.239013672
283.749847412
283.746063232
283.719787598
283.683654785
283.347747803
283.346679688
282.641235352
282.266662598
282.015563965
281.869842529
281.322601318
281.267761230
280.793975830
280.767272949
280.729522705
280.677490234
280.258361816
279.943084717
279.936035156
279.893157959
279.792541504
279.791534424
279.559844971
279.551513672
279.545806885
279.534454346
279.520599365
279.499359131
279.259368896
279.159271240
279.158081055
279.084564209
278.644042969
278.634552002
278.487731934
278.202087402
278.197204590
278.095458984
277.732849121
277.599121094
277.570770264
277.468719482
277.353179932
276.768066406
276.708435059
276.623718262
276.501525879
276.448822021
276.207946777
276.074645996
275.870605469
275.702056885
275.619537354
275.413909912
275.375976562
275.323516846
275.192077637
275.175506592
275.151580811
275.125213623
275.086303711
274.467010498
274.326324463
274.225708008
273.990478516
273.874389648
273.708709717
273.603179932
273.430786133
273.226989746
273.220336914
273.095275879
272.877899170
272.621185303
272.396301270
272.263397217
272.229278564
271.616577148
271.590972900
271.540893555
271.472564697
271.115722656
271.020599365
270.968811035
270.777313232
270.575103760
270.484832764
270.161376953
270.046020508
269.874023438
269.740051270
269.596130371
269.262237549
269.168518066
269.144897461
269.135864258
268.947387695
268.909912109
268.773956299
268.648529053
268.638702393
267.875091553
267.816497803
267.582214355
267.535919189
267.434539795
267.033294678
266.986724854
266.762115479
266.727203369
266.689056396
266.608947754
266.272827148
266.160247803
266.152099609
266.084899902
265.991729736
265.950256348
265.813262939
265.773925781
265.505157471
265.393798828
265.262786865
265.207794189
264.999969482
264.963684082
264.871276855
264.751678467
264.695617676
264.671508789
264.445281982
264.346527100
264.303710938
264.070617676
263.641235352
263.637542725
263.614898682
263.527984619
263.467010498
263.368438721
263.214233398
262.493530273
262.432739258
262.421081543
262.327301025
262.158111572
262.081329346
262.079895020
261.471313477
260.973388672
260.851348877
260.799407959
260.652008057
260.448760986
260.394866943
260.329132080
260.327789307
260.203186035
260.184448242
260.161193848
260.138763428
259.961975098
259.874420166
259.550903320
259.550292969
259.544158936
259.430725098
259.169372559
259.015228271
258.803558350
258.797668457
258.773468018
258.769439697
258.679107666
258.609375000
258.523559570
258.515472412
258.480407715
258.439270020
258.427459717
258.256408691
258.147033691
257.844848633
257.821136475
257.534271240
257.439697266
257.157104492
256.698791504
256.399780273
256.388336182
256.374969482
256.201812744
256.176177979
256.076721191
255.743545532
255.702026367
255.699661255
255.648223877
255.423355103
255.338638306
255.313522339
255.294570923
255.168548584
255.148452759
254.673675537
254.641586304
254.404113770
254.309875488
254.250747681
254.226013184
254.158248901
253.911849976
253.497756958
253.256286621
252.958312988
252.890365601
252.857696533
252.707992554
252.707672119
252.706573486
252.613388062
252.543106079
252.519546509
252.336685181
252.091217041
251.880294800
251.877868652
251.767959595
251.717468262
251.510635376
251.457046509
251.392623901
251.112487793
251.074462891
250.913223267
250.592971802
250.584548950
250.502639771
250.499114990
250.377075195
250.187286377
250.080261230
250.003921509
249.626998901
249.563568115
249.436050415
249.384109497
249.352401733
249.274826050
249.270187378
249.231109619
249.107742310
248.895568848
248.796554565
248.480911255
248.372344971
248.273529053
248.267639160
248.036849976
247.875137329
247.713897705
247.642456055
247.597671509
247.580642700
247.507186890
247.425338745
247.418502808
247.258850098
246.910690308
246.877883911
246.858306885
246.750839233
246.710861206
246.534500122
246.312530518
246.243301392
246.158493042
246.060043335
246.000656128
245.967086792
245.835998535
245.754257202
245.624191284
245.415985107
245.196716309
245.143875122
245.048583984
244.951004028
244.941192627
244.853469849
244.504623413
244.470275879
244.412521362
244.340805054
244.199432373
244.142562866
244.130966187
243.560562134
243.504745483
243.398086548
243.372238159
243.341156006
243.338943481
243.302841187
243.258728027
243.097930908
243.088363647
242.793014526
242.720626831
242.363677979
242.329391479
242.051849365
241.891281128
241.881591797
241.762908936
241.372695923
241.360702515
241.235626221
240.933258057
240.567687988
240.562103271
240.561080933
240.466629028
240.427276611
240.416015625
240.321655273
240.115402222
240.102233887
239.945144653
239.709640503
239.700546265
239.492660522
239.413940430
238.666198730
238.440551758
238.253890991
237.943283081
237.502090454
237.346542358
237.317443848
237.282791138
237.250061035
237.205062866
236.967910767
236.410324097
235.955261230
235.803863525
235.621627808
235.429367065
235.372283936
235.326690674
235.180160522
235.144668579
235.098861694
234.932296753
234.858016968
234.631607056
234.447967529
234.080474854
233.947692871
232.802291870
232.732864380
232.485244751
232.378814697
232.126739502
231.906021118
231.521072388
231.207260132
231.178649902
231.010955811
231.002471924
230.925659180
230.845962524
230.836456299
230.651092529
230.433761597
230.335678101
230.144409180
229.593078613
229.532318115
229.517242432
229.434387207
229.408142090
229.390060425
229.104705811
229.087829590
228.704238892
228.687789917
228.454299927
228.376434326
228.292068481
228.142547607
227.871978760
227.563781738
227.437545776
227.432022095
227.395370483
227.367965698
227.312957764
227.047119141
226.386230469
226.373947144
226.315658569
226.264221191
225.783050537
225.716140747
225.572814941
225.475799561
225.468246460
225.398590088
225.226272583
225.214294434
225.070922852
224.465240479
224.300323486
224.273681641
224.124465942
224.090225220
223.979492188
223.813949585
223.756713867
223.677246094
223.536987305
223.513626099
223.163543701
223.150726318
223.057418823
222.825164795
222.754684448
222.701995850
222.698959351
222.677261353
222.602325439
222.412704468
222.361114502
222.304519653
222.202651978
221.494323730
221.435256958
221.433715820
221.432220459
221.208953857
221.003036499
220.875381470
220.585296631
220.462066650
220.397201538
220.336044312
220.105834961
219.979812622
219.866104126
219.849822998
219.846221924
219.598068237
219.414169312
219.348251343
219.290679932
219.053649902
218.804046631
218.732788086
218.593811035
218.355514526
218.202270508
218.188201904
218.142364502
218.140380859
218.000808716
217.937225342
217.502639771
217.122024536
216.756546021
216.704315186
216.641693115
216.626144409
216.513885498
216.495574951
216.389587402
216.269348145
216.189102173
216.128234863
215.903366089
215.894882202
215.809310913
215.799316406
215.668319702
215.228866577
215.068374634
214.772796631
214.718612671
214.647796631
214.568771362
214.501663208
214.424880981
214.330734253
213.561645508
213.367309570
213.350662231
213.246994019
213.241775513
213.149185181
212.780654907
212.677612305
212.666000366
212.292785645
212.275619507
211.974700928
211.687408447
211.556991577
211.456909180
211.412246704
211.176910400
210.951370239
210.487838745
210.371673584
209.971496582
209.893402100
209.848052979
209.738906860
209.608001709
209.440460205
209.232101440
209.206085205
209.093582153
209.035751343
208.924911499
208.871170044
208.845275879
208.840896606
208.780807495
208.742507935
208.637985229
208.612289429
208.556381226
208.403671265
207.868728638
207.756423950
207.541870117
207.381530762
207.266250610
207.031021118
206.951889038
206.897018433
206.870086670
206.592514038
206.551834106
206.512939453
206.375106812
206.217208862
206.169082642
205.997924805
205.921936035
205.665145874
205.545715332
205.498016357
205.371520996
205.117828369
205.069686890
205.000274658
204.940841675
204.891403198
204.601409912
204.482177734
204.481567383
204.026840210
204.024932861
203.974945068
203.866851807
203.753036499
203.701171875
203.605026245
203.533065796
203.481735229
203.470901489
203.204299927
203.061477661
202.993637085
202.759887695
202.679443359
202.524261475
202.482803345
202.470657349
202.349090576
202.131256104
202.118087769
202.058929443
202.008209229
201.827224731
201.611602783
201.599884033
201.279144287
201.248306274
201.163574219
201.107437134
201.020767212
200.947998047
200.906463623
200.510528564
200.418472290
200.369140625
200.224716187
200.162658691
200.162231445
200.086410522
199.957168579
199.891586304
199.594619751
199.559661865
199.452346802
199.437515259
199.395156860
199.352294922
198.942367554
198.745315552
198.581512451
198.428970337
198.366149902
198.135467529
198.135040283
198.120239258
198.074111938
197.943267822
197.920639038
197.888397217
197.839233398
197.526748657
197.464538574
197.075073242
196.968002319
196.878402710
196.614654541
196.430633545
196.244949341
196.065063477
196.026458740
195.904449463
195.515808105
195.384246826
195.373672485
195.297607422
195.124481201
195.060028076
195.051773071
194.780624390
194.662719727
194.641021729
194.335128784
194.316696167
194.253662109
194.138107300
194.039749146
193.802093506
193.767944336
193.745437622
193.742813110
193.710784912
193.699829102
193.484268188
193.450225830
193.243255615
193.191253662
193.174285889
193.121215820
193.031066895
192.653961182
192.479202271
192.470932007
192.168197632
191.993927002
191.943695068
191.932281494
191.806243896
191.725265503
191.714645386
191.659667969
191.526855469
191.299057007
191.185302734
190.982727051
190.844177246
190.822097778
190.683197021
190.488128662
190.486099243
190.328964233
190.039733887
189.993041992
189.898361206
189.797363281
189.685440063
189.434646606
189.428344727
189.349456787
188.914276123
188.787918091
188.702209473
188.638763428
188.596832275
188.506271362
188.395416260
188.075012207
187.869445801
187.868438721
187.631713867
187.381607056
187.138198853
187.119415283
186.892990112
186.851333618
186.830215454
186.801864624
186.430435181
186.312850952
186.200134277
186.186874390
185.944198608
185.759262085
185.680145264
185.552719116
185.486206055
185.287460327
185.235015869
185.062438965
185.033462524
185.008773804
184.907836914
184.743041992
184.729949951
184.609664917
184.598587036
184.416046143
184.354721069
184.307418823
184.299545288
184.245712280
183.824035645
183.808380127
183.789611816
183.709426880
183.558822632
183.492965698
183.479476929
183.370559692
183.212539673
183.195205688
183.118576050
183.116149902
183.106674194
183.075744629
182.926300049
182.812408447
182.758560181
182.579116821
182.508270264
182.364852905
182.297927856
182.071777344
181.921905518
181.899536133
181.885284424
181.436492920
181.291061401
181.276290894
181.247604370
181.134246826
181.115936279
180.710800171
180.623580933
180.272949219
180.207687378
180.135894775
180.045547485
180.020919800
179.896697998
179.853149414
179.845672607
179.832641602
179.702926636
179.637252808
179.540298462
179.537628174
179.532440186
179.268096924
179.238952637
179.149978638
179.091308594
179.061126709
179.055786133
179.041793823
179.024902344
178.942291260
178.762649536
178.573013306
178.543289185
178.489532471
178.336395264
178.174530029
178.078811646
177.861206055
177.768539429
177.671203613
177.640548706
177.637786865
177.481155396
177.450912476
177.428695679
177.393829346
177.391433716
177.116622925
177.020202637
176.769485474
176.732757568
176.591583252
176.579437256
176.504699707
176.262039185
176.191726685
176.032150269
175.939727783
175.800491333
175.724945068
175.722976685
175.625167847
175.536422729
175.372024536
175.371154785
175.187927246
175.149703979
175.130508423
174.899597168
174.825210571
174.799758911
174.623001099
174.387496948
174.322875977
174.294662476
174.041503906
174.019500732
173.873245239
173.866989136
173.807403564
173.742904663
173.686203003
173.686080933
173.672866821
173.525985718
173.445846558
173.443923950
173.318664551
173.199081421
173.162902832
172.948638916
172.933303833
172.908554077
172.680313110
172.593948364
172.593170166
172.192733765
172.142395020
172.012451172
171.981475830
171.854431152
171.784729004
171.741256714
171.719070435
171.691558838
171.649017334
171.500244141
171.403656006
171.397979736
171.361938477
171.346191406
171.212188721
171.176742554
171.115219116
171.074768066
171.043365479
170.979248047
170.923263550
170.738433838
170.604904175
170.564147949
170.411468506
170.350357056
170.283248901
170.248855591
170.208267212
170.071517944
169.751190186
169.633819580
169.577316284
169.464111328
169.400054932
169.201187134
169.154891968
169.074203491
169.046127319
169.024642944
168.751541138
168.660140991
168.592819214
168.554122925
168.520767212
168.486129761
168.053115845
167.960739136
167.850982666
167.789901733
167.741775513
167.679336548
167.575073242
167.425338745
167.419067383
167.283813477
167.234848022
167.060897827
167.025878906
166.824996948
166.746643066
166.441162109
166.257339478
166.098846436
165.904968262
165.881958008
165.675140381
165.556640625
165.444152832
165.430313110
165.260635376
165.193145752
165.097167969
164.982131958
164.866668701
164.858139038
164.783004761
164.773986816
164.767425537
164.668243408
164.567001343
164.566482544
164.445907593
164.367507935
164.189804077
164.050643921
164.050292969
164.023239136
163.850372314
163.774261475
163.665023804
163.600982666
163.540252686
163.450942993
163.076538086
163.041107178
162.888778687
162.880065918
162.848220825
162.689392090
162.507324219
162.424865723
162.382614136
162.310287476
162.300491333
161.928222656
161.865402222
161.844528198
161.759002686
161.675750732
161.497695923
161.248870850
161.122970581
161.097503662
160.911834717
160.629028320
160.456558228
160.236282349
160.036636353
159.914154053
159.738433838
159.700698853
159.558868408
159.544921875
159.521057129
159.344589233
159.300827026
159.127944946
158.980117798
158.886901855
158.689834595
158.472595215
158.351669312
158.300338745
158.135620117
158.083877563
157.982284546
157.968597412
157.518188477
157.348876953
157.211700439
157.209396362
157.039642334
157.017990112
156.773040771
156.656127930
156.563339233
156.504791260
156.483703613
156.478393555
156.364059448
156.233795166
156.115798950
155.892013550
155.796508789
155.757675171
155.736770630
155.655838013
155.631683350
155.409286499
155.359329224
155.278045654
155.105545044
154.801239014
154.742004395
154.675094604
154.605758667
154.481292725
154.387557983
154.229141235
154.227905273
154.121902466
153.930297852
153.861312866
153.800537109
153.416351318
153.398330688
153.249633789
153.098403931
152.942214966
152.773635864
152.750503540
152.733245850
152.643600464
152.455749512
152.319717407
152.317047119
152.191131592
152.179077148
152.127410889
152.015899658
151.986267090
151.827590942
151.786376953
151.752960205
151.711349487
151.707321167
151.660308838
151.647842407
151.593322754
151.435058594
151.302795410
151.259750366
151.191345215
151.120056152
150.953338623
150.926742554
150.829132080
150.795822144
150.774551392
150.718154907
150.488739014
150.290267944
150.230743408
150.144790649
150.141983032
150.079284668
149.728271484
149.644821167
149.632644653
149.581832886
149.557388306
149.320053101
149.269866943
149.245056152
149.150909424
149.092788696
149.004653931
148.939193726
148.880386353
148.879180908
148.864227295
148.856506348
148.789001465
148.770324707
148.695785522
148.344650269
148.343383789
148.309539795
148.199508667
148.162521362
148.073043823
147.917633057
147.871643066
147.394363403
147.359725952
147.163131714
147.141845703
146.954681396
146.942138672
146.909408569
146.748992920
146.637817383
146.595809937
146.591262817
146.436508179
146.394363403
146.346954346
146.291702271
146.252487183
146.223510742
146.164352417
146.159027100
146.136795044
145.986953735
145.680709839
145.593994141
145.485946655
145.398117065
145.343093872
145.289047241
145.234893799
145.207199097
144.980133057
144.966278076
144.825302124
144.756561279
144.735687256
144.669815063
