3307.217285156
3043.596435547
2680.311767578
2647.105468750
2554.158691406
2509.010253906
2442.169189453
2435.765136719
2371.764160156
2345.064941406
2341.655029297
2290.713378906
2290.298583984
2264.656005859
2239.866455078
2212.299804688
2192.974121094
2144.165039062
2105.356689453
2090.540283203
2090.486083984
2055.278808594
2045.326171875
2040.312133789
2030.180541992
2016.570922852
2010.034545898
1990.468505859
1986.778442383
1971.017822266
1965.773193359
1912.120971680
1908.311767578
1903.631713867
1897.959838867
1886.813476562
1885.829101562
1880.850830078
1877.968750000
1864.592041016
1857.046630859
1855.024414062
1832.099243164
1827.713989258
1822.527832031
1813.935424805
1810.236572266
1803.491577148
1803.331542969
1800.620727539
1798.145385742
1794.103271484
1779.600219727
1768.136352539
1765.653076172
1735.023193359
1719.524414062
1713.313476562
1711.877929688
1711.638061523
1709.741333008
1703.875976562
1701.355957031
1696.371948242
1672.833618164
1667.738525391
1649.932861328
1648.567138672
1646.395751953
1629.589477539
1600.085327148
1598.215209961
1592.090454102
1582.354248047
1581.185424805
1569.054687500
1543.549804688
1535.640502930
1531.129760742
1523.208496094
1522.990844727
1516.600952148
1515.681274414
1515.232055664
1513.378540039
1506.848144531
1503.341308594
1502.073486328
1500.276733398
1492.632812500
1488.149414062
1471.091552734
1469.100585938
1457.828247070
1455.974243164
1453.208740234
1452.589965820
1447.307250977
1447.253295898
1442.426635742
1440.313232422
1434.544799805
1422.029418945
1410.572143555
1398.387939453
1395.153198242
1393.408691406
1390.871826172
1388.669921875
1381.252929688
1380.267333984
1377.796508789
1374.266235352
1374.015625000
1370.239868164
1370.165771484
1367.606933594
1365.154418945
1362.018066406
1361.391479492
1360.443359375
1358.699462891
1358.623901367
1358.397216797
1350.799072266
1349.016723633
1345.212036133
1344.594604492
1344.483398438
1343.787109375
1340.308715820
1332.236938477
1328.727416992
1328.099121094
1321.892700195
1321.463500977
1319.902099609
1319.521240234
1312.060302734
1310.462280273
1310.094726562
1309.513427734
1308.781616211
1307.120117188
1301.630981445
1301.214721680
1295.307861328
1294.440185547
1293.868774414
1292.112304688
1290.508544922
1286.337890625
1285.417114258
1284.672485352
1281.066894531
1279.133911133
1275.130859375
1274.672729492
1271.857788086
1270.001220703
1260.303833008
1260.095214844
1260.013305664
1258.291625977
1256.784423828
1254.194824219
1253.585937500
1253.025878906
1250.610473633
1248.248657227
1243.248535156
1241.544799805
1240.773559570
1233.006469727
1231.810668945
1229.869506836
1228.324462891
1228.073364258
1226.704833984
1223.964355469
1219.375732422
1217.536987305
1214.254516602
1213.816162109
1212.065673828
1211.172607422
1209.960083008
1208.619140625
1208.276245117
1204.072875977
1200.535278320
1200.006103516
1199.758544922
1199.684692383
1199.548950195
1196.668579102
1193.804199219
1191.286743164
1189.296386719
1188.459716797
1188.156738281
1187.676757812
1187.294799805
1185.473632812
1184.512695312
1184.367919922
1182.802246094
1182.289428711
1180.087402344
1174.328125000
1174.185791016
1170.728515625
1170.714721680
1170.615234375
1164.496215820
1163.463989258
1162.347167969
1156.403320312
1154.588012695
1152.959594727
1152.662353516
1151.671386719
1149.306884766
1148.966064453
1143.687500000
1142.951538086
1142.529296875
1136.360717773
1136.356689453
1136.179199219
1132.681152344
1131.750732422
1130.160278320
1130.050537109
1129.821777344
1129.448242188
1126.719360352
1121.511596680
1121.084838867
1119.333740234
1118.990844727
1118.960815430
1118.601318359
1116.896362305
1116.817016602
1116.702636719
1115.592773438
1114.558471680
1112.536865234
1111.376464844
1111.003662109
1110.358398438
1109.333740234
1104.527709961
1103.715820312
1100.690795898
1100.049438477
1099.860107422
1098.987548828
1098.882690430
1094.079711914
1092.609619141
1090.934204102
1087.249145508
1087.158813477
1085.625854492
1085.450683594
1081.720703125
1080.215209961
1079.362304688
1078.937377930
1078.839233398
1077.879882812
1076.000366211
1075.895385742
1074.059936523
1068.965332031
1066.189086914
1065.873168945
1064.453613281
1064.231445312
1060.883300781
1060.303710938
1059.671752930
1058.145507812
1057.505615234
1056.546997070
1055.443603516
1055.088867188
1054.918945312
1054.613037109
1054.592895508
1054.391723633
1053.150268555
1050.821044922
1047.169921875
1047.030151367
1046.215942383
1045.311889648
1044.866577148
1044.666015625
1043.636474609
1039.415649414
1038.584350586
1031.173339844
1028.718627930
1026.583984375
1024.668579102
1023.847106934
1022.027832031
1020.969360352
1020.706970215
1020.008605957
1019.977233887
1019.507202148
1019.490295410
1017.935119629
1013.976318359
1013.424560547
1013.416381836
1013.003784180
1012.939697266
1011.855285645
1005.644348145
1005.437988281
1004.765747070
1004.714050293
1002.526000977
1002.451293945
1001.923889160
999.799804688
999.552368164
999.418212891
998.119995117
997.557495117
996.579833984
995.543395996
995.372436523
993.372009277
992.087463379
991.949401855
989.755981445
989.727111816
988.549255371
988.303283691
987.814575195
987.697204590
986.691345215
985.810241699
985.168701172
981.575988770
977.638427734
973.086486816
972.920471191
972.260192871
970.655761719
965.051208496
959.534179688
957.778442383
957.281494141
955.735778809
955.558288574
955.462097168
955.045654297
953.843444824
949.510681152
948.784301758
947.291809082
947.100341797
946.023254395
945.631103516
945.182434082
945.157775879
944.523559570
943.235900879
940.137268066
940.049926758
939.788513184
938.035766602
933.145019531
932.085937500
930.069396973
929.582824707
928.392517090
927.749450684
925.055603027
923.982421875
923.971069336
923.521606445
921.756347656
921.654846191
919.739562988
919.376403809
919.212341309
917.393188477
917.266967773
916.725646973
913.607666016
912.123840332
911.606994629
910.396484375
910.071228027
909.593750000
909.583190918
908.400268555
906.682250977
906.227355957
903.746276855
903.034912109
901.722839355
901.007873535
900.737304688
900.590637207
900.530334473
899.701599121
898.922973633
898.238037109
897.024536133
895.540222168
895.111083984
894.477111816
893.392761230
890.968200684
889.371582031
887.946716309
887.867370605
885.636840820
882.561889648
882.390869141
882.194335938
880.722961426
880.446044922
879.050415039
877.017761230
876.115295410
875.606628418
873.329528809
871.368591309
870.907897949
870.619323730
870.377380371
869.742492676
868.475280762
867.989074707
867.915893555
867.664062500
867.016906738
866.783020020
866.396118164
866.197265625
864.863647461
863.510070801
862.835632324
862.075073242
861.580810547
860.357421875
859.579650879
857.876098633
857.225280762
856.323181152
856.168395996
852.352600098
852.170959473
850.334167480
849.681884766
849.616394043
849.268310547
848.667724609
844.436828613
843.134704590
842.166809082
839.987060547
839.785095215
839.673889160
839.387573242
837.947998047
837.625549316
834.943603516
834.748901367
831.426452637
830.374755859
829.190429688
826.315734863
826.119995117
825.349670410
824.272583008
820.853088379
818.721374512
818.502258301
817.542114258
817.359497070
816.010437012
815.606750488
814.235839844
813.708435059
813.169250488
812.509887695
812.459777832
811.580261230
811.550537109
811.459228516
808.504150391
807.796569824
803.130981445
802.937500000
802.643554688
801.350219727
797.175048828
794.263244629
793.466125488
792.129089355
791.733825684
789.809448242
788.163940430
788.077392578
787.804077148
786.190002441
785.497802734
784.455688477
782.559020996
780.271423340
776.305725098
776.247375488
776.055419922
774.567993164
774.486633301
773.848022461
773.335876465
771.615356445
771.358520508
768.564086914
765.980895996
764.072387695
763.733886719
762.983337402
761.544250488
759.919250488
759.046997070
758.812500000
758.729431152
758.546997070
758.285156250
757.610717773
757.017211914
756.573303223
754.503540039
753.774230957
753.268005371
752.411437988
752.238403320
749.839965820
749.695373535
748.945434570
748.609375000
748.274108887
747.983947754
747.034606934
746.865783691
746.826416016
745.141784668
743.491149902
742.394592285
742.138427734
739.683837891
739.629028320
738.963134766
738.908874512
738.873657227
738.534729004
737.604797363
737.113586426
736.696411133
736.190124512
735.935546875
735.719970703
733.184570312
731.098144531
730.048461914
728.586791992
727.617065430
726.918762207
725.854553223
724.538024902
724.503845215
722.164306641
721.830749512
719.753234863
717.861755371
717.433532715
714.954406738
714.568481445
714.472534180
712.318176270
711.820983887
711.070800781
710.570434570
708.505798340
708.257751465
708.008300781
707.147583008
706.734130859
706.209655762
705.858520508
704.633117676
703.823608398
700.077758789
699.995605469
698.188476562
696.888244629
695.695983887
695.418945312
694.646057129
694.016418457
693.896850586
693.666198730
693.022399902
692.737609863
691.300048828
691.098876953
690.886352539
690.781372070
690.554504395
690.262451172
689.439575195
687.132995605
687.105346680
685.734008789
683.849304199
683.698303223
682.702331543
682.659301758
682.518798828
681.576049805
681.216552734
681.018737793
680.451538086
680.063598633
679.018676758
678.984619141
678.863281250
678.811645508
678.749877930
678.241210938
678.233398438
678.170959473
677.765075684
677.507202148
677.015930176
674.886596680
674.834899902
672.554199219
671.843444824
671.472473145
671.411987305
671.115051270
671.043090820
670.991210938
670.876403809
670.514221191
670.391357422
670.089477539
668.291137695
668.188903809
667.810913086
666.894409180
666.401367188
665.609619141
665.212402344
665.133911133
664.751770020
664.488830566
664.276611328
663.615112305
663.328979492
662.690856934
662.190795898
661.384582520
660.590393066
659.571838379
659.266113281
658.450134277
655.455566406
655.413085938
654.733276367
654.098327637
653.165344238
652.553466797
650.676452637
650.086730957
650.073059082
649.552917480
649.451416016
648.369384766
647.995727539
647.579528809
646.549682617
646.300170898
646.106872559
644.893737793
644.317504883
644.144653320
643.964477539
643.528442383
642.496704102
639.907409668
639.842102051
639.617736816
637.151550293
636.442443848
636.246459961
636.054077148
635.319702148
634.310485840
633.897583008
632.783935547
632.342834473
631.927429199
631.729675293
631.670532227
630.956604004
630.687744141
629.150756836
628.404113770
628.363220215
628.271789551
627.959411621
627.823120117
626.123962402
625.767456055
625.744506836
624.785522461
623.493713379
623.067993164
621.998046875
621.591491699
621.242370605
620.226501465
619.094543457
618.040954590
617.207763672
616.448669434
616.225769043
616.124938965
614.256835938
614.001098633
613.839172363
613.727111816
612.584106445
612.455261230
610.976074219
609.441345215
608.889770508
608.622009277
608.595031738
608.554016113
608.543273926
607.989501953
607.982543945
606.747619629
606.576049805
606.146545410
605.611694336
604.664428711
604.616943359
604.283935547
603.972045898
603.763366699
603.465820312
603.438171387
603.419372559
603.365173340
603.356079102
601.627746582
601.415832520
601.357238770
599.415710449
598.770141602
598.636169434
598.603027344
598.505065918
597.681579590
597.231018066
597.123596191
596.976318359
596.940490723
595.734924316
595.732116699
595.003540039
594.737487793
594.628112793
594.148437500
594.081970215
593.188781738
593.017089844
592.545654297
592.467346191
591.786987305
591.050292969
589.453186035
587.955505371
587.695373535
587.522399902
587.263732910
587.219665527
587.159179688
586.060974121
585.591918945
585.413513184
583.957397461
583.612060547
583.301635742
583.155517578
583.019958496
582.301086426
581.663208008
580.811889648
579.676269531
579.560607910
578.958435059
578.611206055
578.293090820
577.726867676
577.357788086
575.465454102
574.437377930
574.320312500
573.730346680
573.254638672
573.021728516
572.744018555
571.975036621
571.680297852
571.432128906
570.185424805
569.048767090
568.706359863
568.247985840
567.773132324
567.231445312
566.855407715
566.671630859
565.688476562
565.547180176
565.507812500
564.832275391
563.548583984
560.934692383
560.518371582
558.596252441
558.344177246
557.738464355
557.735961914
557.631896973
557.129455566
556.670227051
556.668579102
555.329589844
555.141479492
553.118652344
552.144836426
551.980651855
550.761474609
550.463500977
548.993774414
548.444946289
547.157836914
546.749755859
546.253051758
546.002746582
545.632385254
545.002746582
544.950561523
543.969421387
543.564819336
543.523193359
542.725769043
542.437011719
542.345886230
542.081665039
541.440002441
541.236022949
541.081970215
540.459411621
540.140747070
539.736694336
539.663330078
539.652404785
539.067626953
538.489685059
537.544128418
536.898742676
536.661071777
536.479736328
536.332153320
535.522705078
535.054077148
534.835571289
534.472045898
534.428100586
533.347106934
532.714233398
532.515136719
532.138732910
531.721984863
530.959106445
530.412963867
529.889953613
529.828002930
529.138122559
528.805053711
528.700561523
527.224853516
526.411315918
526.001892090
525.551940918
525.267211914
525.084472656
524.622253418
523.927856445
523.613891602
521.578308105
521.302734375
521.158691406
521.029479980
520.220336914
520.101928711
519.985961914
519.974914551
519.913208008
519.628845215
519.480224609
519.055908203
518.458190918
518.106262207
518.062377930
517.793212891
517.776977539
517.321350098
517.241088867
517.106994629
517.022216797
517.021667480
516.747680664
516.711059570
516.019592285
515.090270996
514.703186035
513.987609863
513.508911133
512.264221191
511.777770996
511.446990967
511.185729980
510.978302002
510.924865723
510.538818359
509.219573975
508.907867432
508.242492676
507.589874268
507.282196045
506.875915527
506.391876221
505.412780762
505.346496582
505.341461182
505.209259033
504.211608887
503.607635498
503.173278809
502.916595459
502.562622070
501.869354248
501.588897705
501.306518555
501.167694092
500.783325195
499.418426514
499.201232910
498.915771484
498.430389404
498.331542969
497.785278320
497.435729980
497.242156982
496.668762207
496.631500244
495.934082031
495.870300293
495.773315430
495.464447021
494.853576660
494.643676758
494.577087402
494.293426514
493.944702148
493.858978271
493.769836426
493.003601074
491.097442627
491.067199707
490.925598145
490.197235107
489.119476318
488.640197754
488.309082031
488.078826904
487.056793213
486.894866943
486.697784424
486.631622314
486.302612305
486.279815674
486.279083252
485.750091553
484.370025635
483.754608154
483.668945312
483.051269531
482.885650635
482.854980469
482.200927734
481.945800781
481.561492920
480.757293701
480.713897705
480.624877930
480.450103760
479.699279785
479.348388672
479.181915283
478.874206543
478.672485352
478.621215820
478.103240967
478.062561035
478.017425537
477.932739258
477.696624756
477.297790527
477.106140137
476.587005615
475.952392578
475.299713135
474.843048096
474.502349854
474.208343506
473.095550537
472.242340088
470.744750977
469.594757080
469.467834473
469.159484863
468.782928467
468.770385742
468.546844482
467.419219971
467.361114502
466.557067871
464.042755127
463.739929199
463.654052734
463.567382812
463.222839355
462.530578613
462.411621094
462.020629883
461.937347412
461.102691650
460.914459229
460.876342773
460.873840332
460.564727783
460.308746338
459.790557861
459.715362549
459.566528320
457.375610352
456.937164307
456.597167969
456.213897705
455.995758057
455.944915771
455.885192871
455.586395264
455.229064941
454.664184570
454.620239258
454.505767822
454.158142090
453.951141357
452.778137207
451.136291504
450.851745605
450.567474365
449.611755371
449.432403564
449.125915527
449.122497559
449.044525146
448.941680908
448.326660156
448.320159912
448.039794922
447.489074707
447.109680176
447.083190918
446.888580322
446.801544189
445.261657715
445.258453369
445.160919189
445.013427734
443.846130371
443.788970947
443.301757812
441.751312256
441.714752197
441.629241943
441.579101562
441.504699707
441.448455811
441.266204834
441.264282227
440.922729492
440.305541992
440.257324219
440.115112305
439.696228027
439.494506836
439.430755615
439.406799316
439.215698242
439.210784912
439.165252686
438.336303711
437.969635010
437.850189209
437.346649170
437.151306152
436.714996338
436.211242676
436.203582764
436.075073242
435.672576904
435.253936768
435.198547363
434.885986328
434.728363037
434.439239502
434.305847168
433.794921875
433.661407471
433.660308838
433.648498535
432.909698486
432.655639648
432.643981934
432.097961426
431.327697754
431.212005615
430.963348389
430.961730957
430.526092529
430.513824463
430.229095459
429.989776611
429.853515625
429.040435791
428.723663330
428.452423096
428.402984619
427.663787842
427.612426758
427.386901855
426.873779297
426.564575195
426.376037598
426.274627686
426.010253906
425.943786621
425.911102295
425.543395996
425.231597900
425.072174072
425.052001953
424.984924316
424.969390869
424.853179932
424.565460205
424.271575928
423.701904297
423.664794922
423.235839844
422.634368896
422.620117188
422.312225342
421.778503418
421.507354736
421.430633545
421.368194580
421.319885254
419.866394043
419.631683350
418.950805664
418.663299561
418.411895752
418.375457764
418.347076416
418.066345215
417.979095459
417.801849365
417.763641357
417.382934570
417.330688477
417.224273682
417.214721680
416.447845459
416.442596436
416.155181885
416.115386963
415.969207764
415.681610107
415.648590088
415.612854004
415.539337158
415.147674561
414.795104980
413.649169922
413.210845947
413.127746582
412.523345947
412.398071289
412.271484375
412.071563721
411.868896484
411.232452393
411.134002686
410.725036621
410.454254150
410.386505127
410.145446777
409.792572021
409.727111816
408.924316406
408.120574951
408.038696289
407.893859863
407.852355957
407.570373535
407.462615967
407.314300537
407.222534180
407.171234131
406.881195068
406.798309326
406.719146729
406.695159912
406.505493164
406.205566406
406.056915283
405.942047119
405.871429443
405.525451660
405.506835938
405.350677490
405.185729980
405.104614258
404.887237549
404.842285156
404.794403076
404.703216553
404.514099121
404.171844482
403.743804932
403.345825195
403.262847900
403.133819580
403.115509033
402.667572021
402.652526855
402.193664551
402.035430908
401.993652344
401.731842041
401.281829834
401.169036865
401.061828613
400.920135498
400.906707764
400.529388428
400.215362549
400.178802490
400.067199707
399.705535889
399.696136475
399.482299805
399.467346191
398.576354980
398.448944092
398.156250000
398.117858887
398.091888428
397.874694824
397.790161133
397.771118164
397.432739258
397.239105225
396.821136475
396.769195557
396.716461182
396.649047852
396.566864014
396.480895996
396.466735840
396.382080078
396.333618164
396.111480713
396.105163574
395.670684814
395.474121094
395.452209473
395.324707031
395.044219971
395.031036377
395.022949219
394.741943359
394.700012207
394.294494629
394.254089355
393.985015869
393.567016602
393.381042480
393.298736572
393.267333984
393.163177490
393.054595947
392.322113037
392.010467529
391.214599609
390.851837158
390.700531006
390.512054443
390.493072510
390.443756104
390.062530518
390.058319092
389.779296875
389.617889404
389.477539062
388.630981445
388.613037109
388.027954102
387.839965820
387.557830811
387.500061035
387.441925049
387.055999756
386.934692383
386.513916016
386.227447510
386.129882812
385.783020020
385.766632080
385.516876221
385.344268799
384.105865479
383.976104736
383.843841553
383.169738770
382.402221680
381.970214844
381.967987061
381.794097900
381.674896240
381.534301758
381.189575195
381.184448242
381.176544189
381.091644287
381.048217773
380.635894775
380.617279053
380.549652100
380.127532959
379.896789551
379.639251709
379.612976074
378.801910400
378.513183594
378.306610107
378.132751465
377.402648926
377.015777588
376.810211182
376.452270508
376.418579102
376.295166016
376.211761475
375.333648682
374.718994141
374.695953369
374.481628418
374.473388672
374.361938477
373.990966797
373.947204590
373.832427979
373.683990479
373.596618652
373.478332520
373.445709229
373.046508789
372.854034424
372.579498291
372.404815674
372.390686035
372.351715088
372.193145752
372.175079346
371.972290039
371.897308350
371.752471924
371.654357910
371.278930664
371.260314941
371.037780762
370.569488525
370.224517822
370.205963135
370.125122070
369.630737305
369.100372314
368.723937988
368.699127197
368.461822510
367.999084473
367.474365234
367.291442871
367.223175049
367.018066406
366.939758301
366.783935547
365.775329590
365.311431885
365.234313965
364.942779541
364.832977295
364.626312256
364.560516357
364.535675049
364.407165527
363.949218750
363.642944336
363.491058350
363.424926758
362.998779297
362.844665527
362.703918457
362.673980713
362.662292480
362.649322510
362.416015625
362.237030029
362.019500732
361.975219727
361.455291748
361.298156738
360.954162598
360.704833984
360.631652832
360.611206055
360.426605225
360.000823975
359.983825684
359.787902832
359.586059570
359.575866699
358.873229980
358.872009277
358.515228271
358.477722168
358.460571289
358.117401123
358.007476807
357.784057617
357.600677490
357.496612549
357.372253418
357.226226807
357.198028564
357.171264648
357.150360107
357.017364502
357.007751465
357.000396729
356.620330811
356.503295898
356.319763184
356.002075195
355.379913330
355.332977295
354.859252930
354.783233643
354.723724365
354.307342529
354.081542969
354.016906738
353.880798340
353.617980957
353.333801270
353.152862549
352.716827393
352.414398193
352.369232178
352.364807129
352.354705811
352.098785400
351.959381104
351.800964355
351.786590576
351.776458740
351.447662354
351.391845703
351.255004883
351.227600098
351.144287109
351.040435791
351.023284912
350.827239990
350.810974121
350.697387695
350.544281006
349.801300049
349.742553711
349.592102051
349.560516357
349.207153320
348.956756592
348.940368652
348.918762207
348.757080078
348.613403320
348.521301270
348.432495117
348.184112549
348.139709473
347.250122070
347.190887451
346.811065674
346.147155762
346.001525879
345.648498535
345.445892334
345.293792725
345.262969971
344.901336670
344.807098389
344.607666016
344.424316406
344.099029541
344.097778320
344.074981689
344.005523682
343.923919678
343.087097168
343.027526855
342.573669434
342.555480957
342.543487549
342.413909912
342.269409180
341.907806396
341.695007324
341.687164307
341.662506104
341.426422119
341.082946777
341.028594971
340.757080078
340.701354980
340.156036377
340.035858154
339.720611572
339.489044189
339.462951660
339.386566162
339.365997314
339.357879639
338.912658691
338.661315918
338.617218018
338.178894043
337.959045410
337.909454346
337.887603760
337.656951904
337.427337646
337.241333008
337.145629883
337.036682129
336.993682861
336.460540771
336.267089844
336.146850586
335.824066162
335.396362305
335.118377686
334.918273926
334.839355469
334.774261475
334.662994385
334.590026855
334.096832275
333.946441650
333.734954834
333.293670654
331.932067871
331.262451172
331.245056152
331.234558105
330.967620850
330.800415039
330.550537109
330.406982422
330.347198486
330.253784180
330.120025635
329.496154785
329.384521484
328.822509766
328.715240479
328.147674561
327.201202393
326.918029785
326.584777832
326.065368652
325.547058105
325.313781738
325.267974854
325.265380859
325.244201660
325.179168701
325.128845215
325.058532715
325.040679932
324.906250000
324.873657227
324.614532471
324.449340820
324.428314209
324.327514648
323.869720459
323.698486328
323.499725342
323.451324463
322.887725830
322.780853271
322.540679932
322.515502930
322.426788330
322.375305176
322.293334961
322.075592041
322.022827148
321.383605957
321.372131348
321.229309082
321.215179443
321.140808105
321.099822998
320.933715820
320.774810791
320.773254395
320.603454590
319.698364258
319.601745605
319.490539551
319.185485840
319.156341553
319.136657715
318.863403320
318.731750488
318.344940186
318.023651123
317.779205322
316.959930420
316.749114990
316.405609131
316.318481445
316.300170898
316.258453369
316.122131348
315.815521240
315.688171387
315.502288818
315.238861084
315.088378906
315.013793945
314.847595215
314.707092285
314.629547119
314.577484131
314.447052002
313.970245361
313.676452637
313.671142578
313.616363525
313.490234375
313.230987549
312.512756348
312.066528320
312.059814453
311.926330566
311.396697998
311.362213135
311.356994629
310.963928223
310.786376953
310.672576904
310.493988037
310.129394531
309.595855713
309.511322021
309.171569824
309.119445801
309.106109619
309.074859619
309.053924561
308.966522217
308.877563477
308.831207275
308.753051758
308.718322754
308.486663818
308.155975342
307.910888672
307.804290771
307.692108154
307.537353516
307.283752441
306.927978516
306.676940918
306.293823242
306.190246582
305.995086670
305.764190674
305.538543701
305.491882324
305.339630127
305.333953857
305.022674561
305.004028320
304.976196289
304.735382080
304.557189941
304.277587891
304.233276367
303.997650146
303.973693848
303.863708496
303.636169434
303.248443604
303.188018799
303.137023926
303.008239746
302.863983154
302.715545654
302.675018311
302.651062012
302.647125244
302.501281738
302.227539062
302.141998291
302.045898438
301.978393555
301.636260986
301.563323975
301.499877930
301.076049805
301.027038574
300.602478027
300.571929932
300.539947510
300.343811035
300.210998535
299.989685059
299.925598145
299.629211426
299.151184082
299.095672607
298.890838623
298.781127930
298.744567871
298.735900879
298.477264404
298.329559326
298.161407471
298.066986084
298.054718018
297.870605469
297.845306396
297.559295654
297.542419434
297.280303955
297.260620117
296.866058350
296.860076904
296.849243164
296.817840576
296.624847412
295.668670654
295.634552002
295.541870117
295.539978027
295.434478760
294.724212646
294.585144043
294.411254883
294.235107422
294.133361816
294.126770020
294.104309082
294.034667969
293.937194824
293.728637695
293.669403076
293.570587158
293.532775879
293.467468262
293.397186279
293.111450195
292.922058105
292.920623779
292.829406738
292.482360840
291.778930664
291.741760254
291.077453613
291.056060791
290.651947021
290.471588135
290.249420166
290.167572021
290.040863037
290.025268555
289.968414307
289.764221191
289.688293457
289.655883789
289.589904785
289.586761475
289.427825928
289.096221924
289.074371338
289.046173096
289.043029785
288.981628418
288.742492676
288.667816162
288.639587402
288.457946777
288.238006592
287.992828369
287.903015137
287.881622314
287.788238525
287.714233398
287.586578369
287.564453125
287.377716064
286.893859863
286.530578613
286.496002197
286.303802490
286.258117676
286.095977783
286.023681641
285.777038574
285.767761230
285.647552490
285.421905518
285.405517578
285.364410400
285.068481445
285.043548584
284.948944092
284.860046387
284.071807861
283.815582275
283.346771240
283.174346924
282.600036621
282.574218750
282.514038086
282.503509521
282.352325439
282.281860352
282.136199951
281.910156250
281.872009277
281.782745361
281.588958740
281.503906250
281.297424316
281.257720947
281.253112793
280.979644775
280.960998535
280.930114746
280.655334473
280.577148438
280.528045654
280.415435791
280.348693848
280.105590820
280.081390381
280.039703369
280.031402588
279.939544678
279.922607422
279.911437988
279.820404053
279.634063721
279.629913330
279.603698730
279.598052979
279.440338135
279.432739258
279.025787354
279.010986328
278.991485596
278.759368896
278.658294678
278.650482178
278.507598877
278.436584473
278.269470215
277.981964111
277.903167725
277.854095459
277.793151855
277.690795898
277.524780273
277.277954102
277.066406250
276.411468506
276.285705566
276.215850830
276.186676025
276.074066162
276.056823730
275.927886963
275.797607422
275.775451660
275.746612549
275.740081787
275.678710938
275.477600098
275.459655762
275.238403320
275.211395264
274.671142578
274.525634766
274.364807129
274.074157715
273.984344482
273.755554199
273.533172607
273.214263916
273.004486084
272.990631104
272.945770264
272.502227783
272.093719482
272.091461182
271.938598633
271.708221436
271.583465576
271.425964355
271.369415283
271.359161377
271.279541016
271.148406982
271.070129395
270.805297852
270.700134277
270.507415771
270.421783447
270.280395508
270.183197021
269.613922119
268.970458984
268.936614990
268.924804688
268.788024902
268.712677002
268.578979492
268.308441162
268.305725098
268.217437744
268.094146729
268.024383545
267.951782227
267.919555664
267.911193848
267.699310303
267.507324219
266.995269775
266.990600586
266.538177490
266.512176514
266.201263428
266.123565674
265.664245605
265.592041016
265.223236084
265.215026855
265.035339355
264.464874268
264.399932861
264.377319336
264.337310791
264.036102295
264.001434326
263.589904785
263.194061279
263.076538086
262.602935791
262.361389160
262.242645264
262.166595459
262.082458496
261.933288574
261.899810791
261.768554688
261.726440430
261.631042480
261.557342529
261.535583496
261.423187256
261.235778809
261.157196045
261.060150146
260.799896240
260.704956055
260.505554199
260.390808105
260.363067627
260.072875977
259.920867920
259.705261230
259.701324463
259.646911621
259.633422852
259.532226562
259.504089355
259.408905029
259.081329346
258.921661377
258.825195312
257.981719971
257.832580566
257.820739746
257.784362793
257.678955078
257.674255371
257.440124512
257.254302979
256.722900391
256.667327881
256.655426025
256.628021240
256.435150146
256.347717285
256.158386230
256.114257812
256.015991211
255.942016602
255.885726929
255.851196289
255.718704224
255.650039673
255.574523926
255.570541382
255.345336914
255.280899048
254.645553589
254.548797607
254.316574097
254.276107788
254.240341187
254.161788940
254.122299194
253.922515869
253.797760010
253.776809692
253.636627197
253.615798950
253.602767944
253.176315308
253.135040283
253.091491699
252.915771484
252.889434814
252.808425903
252.585235596
252.552642822
251.795074463
251.637771606
251.593109131
251.477233887
251.280151367
251.221847534
251.209594727
250.869323730
250.780670166
249.988082886
249.966613770
249.945556641
249.945007324
249.856872559
249.649612427
249.384521484
249.032226562
248.993698120
248.929412842
248.788848877
248.785781860
248.511444092
248.403030396
248.354614258
248.339767456
248.133621216
247.955718994
247.833511353
247.818359375
247.814697266
247.778656006
247.696014404
247.639068604
247.578399658
247.544494629
247.262512207
247.170150757
247.048416138
246.902297974
246.863418579
246.693756104
246.519210815
246.214950562
246.205566406
246.161346436
246.077835083
246.015869141
245.355712891
245.314315796
245.229705811
245.222702026
245.181808472
244.868041992
244.466156006
244.457489014
244.344238281
244.316665649
244.195999146
244.142593384
243.689331055
243.366790771
243.213943481
242.946762085
242.929504395
242.794158936
242.709213257
242.568176270
242.408340454
242.219680786
242.073623657
241.805938721
241.711074829
241.561462402
241.531005859
241.398284912
241.265319824
241.171112061
241.015121460
240.467071533
240.280792236
240.277954102
239.993362427
239.748291016
239.439620972
239.393386841
239.116424561
238.979812622
238.832321167
238.517623901
238.511367798
238.255874634
238.219818115
238.157684326
237.958099365
237.915649414
237.869750977
237.846252441
237.832031250
237.730102539
237.499877930
237.316925049
237.300689697
237.268341064
237.262695312
237.128753662
236.900207520
236.854385376
236.831451416
236.656402588
236.419311523
236.415496826
236.214675903
236.069778442
236.051849365
236.018981934
235.978103638
235.837097168
235.777954102
235.759399414
235.701950073
235.680694580
235.654998779
235.630218506
235.533050537
235.443069458
235.366729736
235.045761108
234.937393188
234.727127075
234.717391968
234.716384888
234.678970337
234.386215210
234.317886353
234.071685791
234.019088745
233.978515625
233.856643677
233.766021729
233.721252441
233.667999268
233.632659912
233.568923950
233.518951416
233.446243286
233.283950806
232.953689575
232.828018188
232.714019775
232.484863281
232.386276245
232.332733154
232.306457520
232.269393921
231.653091431
231.340164185
231.122543335
231.120239258
230.979537964
230.673889160
230.659317017
230.435729980
230.303451538
230.278121948
230.251022339
230.162841797
229.952148438
229.936050415
229.774993896
229.749298096
229.525039673
229.428863525
229.253173828
229.143218994
228.959625244
228.706832886
228.670974731
228.507308960
228.405487061
227.958999634
227.738235474
227.391632080
227.387298584
227.232498169
227.128662109
227.097137451
226.845916748
226.738052368
226.539367676
226.497253418
226.381622314
226.298522949
226.253845215
226.237396240
226.122406006
225.962387085
225.828704834
225.697799683
225.556488037
225.430938721
224.807556152
224.665893555
224.365234375
224.266677856
224.265670776
224.041717529
223.936889648
223.820983887
223.605346680
223.528320312
223.226867676
223.083969116
223.071319580
222.954162598
222.938491821
222.916564941
222.898590088
222.885192871
222.868377686
222.531646729
222.340316772
222.299560547
222.281875610
222.238708496
222.192840576
222.013046265
221.815109253
221.749862671
221.745498657
221.567810059
221.363143921
221.362350464
221.346725464
221.343719482
221.203125000
221.191406250
221.168777466
221.107620239
220.703948975
220.688201904
220.490127563
220.488677979
220.442886353
220.418197632
220.349121094
220.231109619
220.040115356
219.617889404
219.305892944
219.216751099
219.005447388
218.937652588
218.576354980
218.409759521
218.351455688
218.303741455
218.208618164
218.165847778
218.039138794
218.011764526
217.846618652
217.837738037
217.778152466
217.744338989
217.706787109
217.650787354
217.628829956
217.624710083
217.512420654
217.357254028
217.283706665
217.239639282
216.928634644
216.496475220
216.250717163
216.084426880
215.941192627
215.774261475
215.719848633
215.702819824
215.562469482
215.556640625
215.541519165
215.534606934
215.466766357
215.331588745
215.038055420
214.802932739
214.629394531
214.550476074
214.441833496
214.415756226
214.382339478
214.377914429
214.268966675
214.169845581
214.153015137
213.978225708
213.901702881
213.741806030
213.724822998
213.043518066
213.030548096
212.845046997
212.783187866
212.762298584
212.525939941
212.414321899
212.289276123
212.192062378
212.183013916
212.177459717
212.092056274
212.012374878
211.740402222
211.309875488
211.080261230
210.906265259
210.900238037
210.826492310
210.782516479
210.552551270
210.466659546
210.454391479
210.412734985
210.343505859
210.252227783
210.186981201
210.120620728
209.886978149
209.615280151
209.531707764
209.471786499
209.467453003
209.414169312
209.118255615
209.025497437
208.960617065
208.592803955
208.539535522
208.472824097
208.414962769
208.258728027
208.250015259
207.661163330
207.650405884
207.401916504
207.364913940
207.346679688
207.178558350
207.164215088
207.111801147
207.058120728
207.029556274
206.988052368
206.966690063
206.734878540
206.194427490
206.056594849
205.954055786
205.949432373
205.560058594
205.457611084
205.353363037
205.271697998
205.028503418
204.910125732
204.660507202
204.600128174
204.334548950
204.307830811
204.266632080
204.186111450
204.029067993
203.903762817
203.899688721
203.708312988
203.668106079
203.384704590
203.367340088
203.262695312
203.245208740
202.784667969
202.715377808
202.690353394
202.612762451
202.604507446
202.434951782
202.131637573
201.949279785
201.881912231
201.839889526
201.772720337
201.681732178
201.675796509
201.566360474
201.526519775
201.473159790
201.467681885
201.431350708
201.383316040
201.325897217
201.198410034
201.140335083
201.017761230
200.846038818
200.839218140
200.618209839
200.567962646
200.560928345
200.247512817
200.102996826
200.071685791
199.985366821
199.962677002
199.503738403
199.459335327
199.449325562
199.407714844
199.382797241
199.346130371
199.269012451
199.233718872
199.218124390
199.216110229
199.206649780
199.069168091
198.976547241
198.829757690
198.793014526
198.672897339
198.632797241
198.622726440
198.490722656
198.277130127
198.221206665
198.031967163
197.914428711
197.908309937
197.724533081
197.564544678
197.460113525
197.446044922
197.441024780
197.436828613
197.370147705
197.340454102
197.211715698
196.843490601
196.789703369
196.734298706
196.700485229
196.518569946
196.481506348
196.472137451
196.365524292
196.212768555
196.210266113
196.123535156
195.991348267
195.984329224
195.822830200
195.772399902
195.749938965
195.646591187
195.547897339
195.441177368
195.244140625
195.215866089
195.173538208
195.137481689
195.105895996
195.066848755
195.045486450
194.830032349
194.630477905
194.558837891
194.543792725
194.272949219
194.201965332
194.174606323
194.118545532
193.772964478
193.743850708
193.714126587
193.712860107
193.670318604
193.581375122
193.446929932
193.419128418
193.404693604
193.308822632
193.287338257
193.105651855
193.074630737
193.013153076
192.892333984
192.856811523
192.485397339
192.477554321
192.437881470
192.332122803
192.274948120
192.108749390
192.048889160
192.016342163
191.984146118
191.973831177
191.932830811
191.896789551
191.662979126
191.410964966
191.107055664
190.989852905
190.940856934
190.884445190
190.792190552
190.723663330
190.491546631
190.426528931
190.373001099
190.292327881
190.262557983
190.181854248
190.074325562
190.054656982
190.035018921
189.796203613
189.787033081
189.411285400
189.284866333
189.257492065
189.150894165
189.089126587
188.984573364
188.826721191
188.789016724
188.504425049
188.434188843
188.295913696
188.095764160
187.923263550
187.771591187
187.613143921
187.609176636
187.568344116
187.255950928
186.855056763
186.845184326
186.689727783
186.446899414
186.381103516
186.364440918
186.289764404
186.160308838
186.151031494
185.948028564
185.581878662
185.570724487
185.530502319
185.468582153
185.453689575
185.091995239
185.087280273
185.040130615
185.031387329
184.869140625
184.865478516
184.753875732
184.565567017
184.555419922
184.449249268
184.438751221
184.205520630
183.920379639
183.913406372
183.843826294
183.774047852
183.746932983
183.722747803
183.699539185
183.491317749
183.390380859
183.258377075
183.181716919
183.099044800
183.055557251
183.018081665
182.863159180
182.792449951
182.710418701
182.670440674
182.624710083
182.442184448
182.363571167
182.303741455
182.272705078
182.257202148
182.118423462
182.070556641
182.001174927
181.981811523
181.954284668
181.920822144
181.767486572
181.684188843
181.672973633
181.662170410
181.658615112
181.499603271
181.449844360
181.334014893
181.091049194
180.915069580
180.911529541
180.694137573
180.684921265
180.560379028
180.448013306
180.411148071
180.384567261
180.334136963
180.312225342
180.271728516
180.131622314
180.126144409
179.825988770
179.708618164
179.629150391
179.579040527
179.454666138
179.439682007
179.296279907
179.156936646
179.124023438
179.047073364
179.033340454
179.024597168
178.881805420
178.849227905
178.836807251
178.813018799
178.796691895
178.788772583
178.722259521
178.664688110
178.636077881
178.600173950
178.545883179
178.297637939
178.291839600
178.170593262
178.082305908
177.983963013
177.960586548
177.919647217
177.587387085
177.561614990
177.531234741
177.467910767
177.232498169
177.140579224
176.841262817
176.825714111
176.659515381
176.586776733
176.306182861
176.240951538
176.075057983
176.033630371
176.005172729
175.911346436
175.841491699
175.812683105
175.755874634
175.679916382
175.653625488
175.509353638
175.265365601
175.021957397
175.004165649
174.953491211
174.888397217
174.758865356
174.644973755
174.616699219
174.441833496
174.070190430
174.025054932
173.844665527
173.530990601
173.446807861
173.417160034
173.348892212
173.169448853
173.125595093
173.036666870
172.977767944
172.851379395
172.774444580
172.609008789
172.563171387
172.373764038
172.319732666
172.227798462
172.215301514
171.942993164
171.854415894
171.829101562
171.805404663
171.773040771
171.767974854
171.692016602
171.153289795
171.108337402
171.039871216
170.994003296
170.924270630
170.868911743
170.796844482
170.756851196
170.500320435
170.485717773
170.439285278
170.404602051
170.394012451
170.362197876
170.278747559
170.228073120
170.210525513
170.056961060
170.007507324
169.958145142
169.894638062
169.731536865
169.574310303
169.570373535
169.434982300
169.294006348
169.074050903
168.999359131
168.904968262
168.874862671
168.747467041
168.686477661
168.539642334
168.286300659
168.060516357
168.058029175
168.029174805
168.000823975
167.994018555
167.978927612
167.950866699
167.935867310
167.785430908
167.773437500
167.695861816
167.604644775
167.604095459
167.570343018
167.387313843
167.240722656
167.231338501
167.184860229
167.144210815
167.088928223
167.065002441
167.048599243
166.756866455
166.732284546
166.666213989
166.639328003
166.459167480
166.432647705
166.392471313
166.330032349
166.275314331
166.197036743
166.180480957
165.929336548
165.900421143
165.720214844
165.687561035
165.681259155
165.406860352
165.394104004
165.354751587
165.137603760
165.011749268
164.861831665
164.853652954
164.760559082
164.653472900
164.573791504
164.561447144
164.437622070
164.430221558
164.332412720
164.208663940
164.031982422
163.842575073
163.827011108
163.705474854
163.601135254
163.289871216
163.255004883
163.196090698
163.187881470
163.056533813
163.026550293
162.865234375
162.817153931
162.679489136
162.515380859
162.505996704
162.411758423
162.356155396
162.330474854
162.249313354
162.239440918
161.938705444
161.926971436
161.913803101
161.835037231
161.824111938
161.731521606
161.712310791
161.711441040
161.613647461
161.606994629
161.604187012
161.589584351
161.478988647
161.325439453
161.156433105
161.113861084
161.068420410
161.048751831
160.866424561
160.842620850
160.801620483
160.788864136
160.779373169
160.736846924
160.712265015
160.698196411
160.632385254
160.560943604
160.316665649
160.296920776
160.238159180
160.177368164
160.055847168
160.043518066
159.875762939
159.759033203
159.756042480
159.563827515
159.526245117
159.524917603
159.398406982
159.340652466
159.196670532
159.181365967
158.886886597
158.619003296
158.610214233
158.455917358
158.451110840
158.427642822
158.395996094
158.270660400
158.211975098
158.207855225
158.169311523
158.068405151
158.030776978
157.842666626
157.815429688
157.687255859
157.613037109
157.458801270
157.387863159
157.339401245
157.202667236
157.179351807
157.109588623
157.008316040
156.949401855
156.850906372
156.810134888
