3247.809326172
2549.435302734
2503.239990234
2333.665039062
2326.148437500
2276.731689453
2250.039550781
2142.406005859
2067.504394531
2063.133789062
2054.110107422
2052.334472656
1967.420776367
1940.017333984
1934.731689453
1850.869506836
1832.195800781
1819.411010742
1812.234741211
1805.065185547
1795.028564453
1789.994873047
1727.628295898
1712.546630859
1706.992675781
1699.881591797
1693.302001953
1690.749633789
1689.958862305
1687.072753906
1683.790771484
1681.431396484
1673.634033203
1654.658569336
1642.559692383
1637.163452148
1618.528564453
1582.826660156
1573.113769531
1571.325561523
1570.309082031
1568.889892578
1567.124877930
1549.757446289
1545.914428711
1537.189331055
1534.854003906
1525.243774414
1516.397827148
1515.136108398
1506.296997070
1505.242675781
1497.335815430
1494.579101562
1486.202514648
1482.069213867
1477.534423828
1459.982421875
1457.032470703
1456.037109375
1441.072021484
1437.767700195
1421.726806641
1390.702270508
1379.832153320
1379.544555664
1377.126342773
1375.994628906
1375.889648438
1371.786621094
1360.768310547
1354.848388672
1345.821166992
1343.962158203
1335.010131836
1334.796386719
1330.458129883
1323.385375977
1312.458129883
1307.401245117
1298.460205078
1297.619140625
1288.666503906
1286.565673828
1280.576538086
1276.550659180
1275.023193359
1274.433349609
1265.326049805
1254.386718750
1247.851928711
1246.193481445
1245.263549805
1243.550537109
1240.449340820
1235.830566406
1234.986572266
1226.678710938
1224.788330078
1223.729125977
1212.261352539
1211.710449219
1211.427246094
1206.815673828
1205.729736328
1202.905517578
1199.600830078
1193.961669922
1192.722656250
1192.611694336
1189.833374023
1183.386352539
1183.282958984
1179.887939453
1175.001464844
1174.110107422
1173.245361328
1169.472534180
1168.966430664
1167.953369141
1165.357910156
1162.538085938
1161.272338867
1150.131591797
1145.271240234
1140.208251953
1138.600097656
1138.331298828
1133.890380859
1126.162353516
1120.652221680
1118.103149414
1114.511108398
1113.040771484
1109.308593750
1107.431518555
1098.985717773
1095.825439453
1095.581054688
1090.180541992
1088.968139648
1088.691162109
1088.502441406
1082.634399414
1080.715454102
1079.313842773
1072.863891602
1070.956542969
1070.457763672
1057.453979492
1052.429321289
1047.765136719
1046.212524414
1033.921508789
1033.619262695
1031.835205078
1031.688110352
1031.555908203
1027.397949219
1026.410522461
1026.236938477
1025.949584961
1024.499511719
1017.713073730
1017.705322266
1010.414611816
1009.488647461
1007.695983887
1007.292968750
1001.407104492
998.659301758
997.679992676
997.501953125
996.823791504
994.622253418
992.058959961
991.904785156
990.635559082
989.652160645
987.859802246
983.262878418
981.126037598
979.556701660
979.411926270
976.348937988
974.758483887
972.407836914
971.833984375
971.307189941
968.417724609
967.581787109
967.060302734
967.060119629
964.462829590
964.443908691
962.645446777
960.122192383
959.570678711
958.472900391
955.526000977
954.884094238
954.773010254
954.459350586
954.259704590
952.542724609
952.537414551
950.719482422
946.651062012
946.051269531
945.119934082
943.128540039
941.102478027
940.741699219
939.237976074
937.419128418
937.190551758
937.071838379
936.562805176
936.236083984
934.350402832
930.230529785
929.428344727
928.360534668
926.086059570
926.023864746
924.355590820
923.231872559
922.642944336
921.786621094
921.685363770
918.789733887
918.411437988
917.067565918
914.942199707
914.656860352
914.181274414
913.824279785
913.797119141
913.406250000
913.187072754
910.722778320
910.583496094
910.508422852
910.298400879
909.466491699
905.608642578
903.460388184
896.540954590
895.493713379
894.723754883
894.432128906
894.077148438
893.234924316
892.717529297
892.505187988
891.781860352
888.938110352
888.502929688
888.242675781
886.369689941
886.052124023
885.299499512
884.196350098
883.765563965
882.195800781
882.056274414
881.901306152
880.739807129
878.241699219
875.220642090
875.143615723
873.201660156
872.887145996
872.710266113
872.140686035
870.383728027
868.891967773
867.803039551
866.930053711
866.848999023
866.271362305
864.996826172
864.127380371
863.166564941
862.765319824
861.463989258
858.214294434
857.441284180
857.308410645
856.339782715
854.634887695
850.472229004
849.269958496
848.711608887
847.807128906
842.797607422
842.298278809
842.257141113
841.645141602
841.592956543
839.679138184
839.625061035
839.621826172
835.022705078
832.810363770
831.266540527
831.242004395
830.302001953
827.923645020
827.352783203
826.923034668
826.250000000
826.137451172
825.994384766
825.665283203
823.951354980
822.019531250
821.737548828
820.914001465
820.539550781
820.348937988
820.338684082
818.055419922
817.542053223
817.249328613
816.468933105
815.093627930
814.520996094
814.282287598
813.358947754
813.164062500
813.063659668
812.836853027
811.645385742
810.204711914
809.349426270
806.972839355
806.879516602
804.308227539
803.477661133
801.874267578
801.529602051
800.620239258
800.319580078
799.955993652
799.147583008
798.581787109
798.451171875
796.466979980
795.917602539
795.530395508
794.216735840
793.417846680
792.610168457
791.923889160
791.190063477
791.117004395
790.789428711
790.103759766
789.872924805
787.822326660
785.115051270
785.048217773
784.828613281
780.846374512
779.390319824
779.208435059
778.758178711
778.341979980
778.095642090
777.554260254
776.717529297
773.589294434
772.893798828
768.842834473
768.600708008
767.913452148
766.626464844
766.433593750
765.719055176
764.070007324
762.053100586
758.827453613
758.016723633
756.392333984
755.383911133
754.430175781
753.099304199
752.941406250
752.850830078
751.760253906
751.080505371
751.048828125
750.113098145
750.037536621
749.993652344
748.399047852
748.099792480
744.507019043
743.440551758
743.359619141
742.099731445
741.916992188
741.305847168
741.146301270
739.242065430
738.377746582
736.337951660
734.653503418
734.400207520
733.386657715
731.064941406
730.943664551
730.934326172
730.748718262
729.299011230
729.056640625
728.292480469
728.071166992
727.821105957
726.149169922
725.548034668
725.264038086
723.882324219
723.853271484
723.846862793
723.614257812
723.386230469
722.214965820
721.441101074
720.548400879
719.432495117
718.920349121
718.568969727
716.280212402
715.531982422
714.201293945
713.669189453
713.527709961
712.810119629
712.680297852
711.307312012
711.114562988
710.885498047
710.864990234
710.757568359
710.326416016
707.325317383
707.066223145
706.874877930
704.943786621
704.205688477
703.878112793
703.567565918
703.428588867
702.614807129
699.029174805
698.037780762
697.624877930
696.172424316
695.643310547
695.442687988
694.633056641
692.895751953
692.119506836
691.875427246
690.839172363
690.317260742
688.524353027
688.518859863
687.094421387
684.041503906
683.915527344
683.856567383
682.689941406
682.391723633
681.635192871
680.953796387
679.992187500
677.605651855
677.426391602
676.936767578
676.657165527
676.235961914
676.204528809
675.381896973
674.275878906
674.275634766
673.309326172
672.686035156
672.261901855
672.181762695
672.031616211
671.271423340
670.357543945
670.127502441
669.647705078
669.587951660
668.662536621
668.047912598
667.897033691
667.421386719
666.932434082
665.593505859
665.356384277
664.247680664
661.676452637
661.430175781
659.998657227
659.994262695
659.674682617
659.067138672
658.795837402
658.216186523
657.360046387
657.343811035
656.902648926
655.408935547
654.847778320
654.338562012
650.770263672
650.485351562
649.716491699
649.376403809
648.703918457
648.341186523
646.655639648
646.259643555
645.344299316
643.766723633
643.253173828
641.486022949
641.426330566
639.315063477
638.979309082
638.495727539
637.692749023
637.191833496
636.341186523
636.186706543
635.610107422
635.542907715
634.049499512
633.049865723
633.046386719
631.551330566
630.243957520
629.718933105
629.345886230
628.873413086
628.855468750
628.699218750
628.646057129
626.443176270
626.067382812
625.976318359
625.420837402
624.778259277
624.754516602
624.364624023
623.816284180
622.751403809
622.745178223
622.524169922
621.857727051
619.928649902
619.628417969
619.365356445
617.241943359
617.209899902
616.766967773
616.513793945
616.099792480
615.225585938
614.214233398
613.788330078
613.657531738
613.334045410
612.675048828
612.549560547
610.811645508
609.208068848
607.328063965
605.896667480
604.524780273
603.898437500
603.801391602
603.642822266
602.817382812
602.724914551
602.346618652
601.330322266
601.011718750
599.774780273
599.127319336
597.807739258
597.669616699
596.943908691
596.495361328
596.159545898
595.923889160
595.376098633
595.101928711
594.947204590
594.797790527
594.785400391
594.675415039
593.924072266
593.468505859
592.357666016
592.087341309
589.888732910
587.431945801
586.633117676
586.396362305
585.787109375
584.522033691
582.049804688
580.888000488
580.626708984
580.576171875
579.524719238
579.074584961
577.912719727
577.653320312
577.596984863
576.852539062
576.536315918
576.462036133
576.260131836
576.253112793
574.607177734
574.532409668
573.923645020
573.909057617
573.523864746
573.399414062
573.274414062
573.057067871
572.483398438
571.674682617
570.571838379
570.354125977
570.265441895
569.830993652
569.218872070
566.881347656
566.373168945
566.322143555
565.558837891
565.255920410
564.925659180
563.404602051
563.355712891
561.570373535
561.435424805
561.084594727
560.517517090
560.274475098
559.632690430
559.613647461
558.022460938
557.997985840
557.638732910
557.426513672
557.071777344
556.089477539
555.984130859
555.394775391
554.769470215
553.921081543
552.772338867
552.092102051
551.957336426
551.650146484
550.216857910
550.168823242
549.972412109
549.618286133
548.818298340
548.772338867
543.553405762
543.377929688
542.652404785
542.598022461
541.970031738
541.960571289
541.823059082
541.168029785
541.122863770
541.107849121
540.505493164
539.720092773
539.661254883
538.034423828
536.128906250
535.791381836
534.156188965
533.979797363
533.382751465
533.166931152
533.045776367
532.909667969
532.413757324
531.699707031
531.581787109
531.421691895
531.263488770
531.258300781
530.771606445
530.218994141
529.707885742
529.666564941
529.532653809
528.314208984
527.629089355
526.984985352
525.884704590
525.833435059
525.313476562
525.213012695
525.101562500
524.667114258
524.534606934
524.434692383
523.900390625
523.566101074
523.562866211
521.674316406
521.460510254
520.738159180
519.806701660
519.708801270
518.925048828
518.811279297
517.979858398
517.953063965
517.649169922
517.034729004
515.832946777
514.973510742
514.696716309
513.716186523
511.492340088
511.075195312
510.170288086
510.059844971
509.923828125
508.917816162
507.809539795
507.696350098
507.227630615
507.184967041
506.091979980
505.592224121
505.450897217
504.080718994
503.741210938
503.396240234
503.328826904
502.271362305
502.027770996
501.332702637
501.314941406
500.969512939
500.779479980
500.596954346
500.378814697
499.555480957
499.414276123
498.638702393
498.623168945
498.595367432
498.503265381
493.844085693
493.623992920
493.062377930
492.628845215
492.263610840
491.925537109
491.763793945
491.653930664
491.533081055
491.432373047
490.796447754
490.785858154
490.650268555
490.557861328
490.094299316
490.092346191
488.652435303
488.296203613
488.150482178
487.921386719
487.677886963
487.419677734
486.859283447
486.330505371
486.119750977
485.552917480
485.034332275
484.777374268
484.282226562
484.240020752
482.324615479
481.819702148
481.613922119
481.382965088
481.123443604
480.368682861
479.812744141
479.794799805
479.713806152
479.546325684
478.928283691
478.725280762
478.240753174
478.069610596
477.358276367
476.477050781
476.455657959
476.333648682
475.768188477
474.467254639
474.429138184
474.233001709
473.904510498
473.613403320
473.583984375
473.264862061
472.708679199
471.789916992
471.519744873
471.287353516
471.125823975
470.744079590
470.145294189
469.805816650
469.358337402
468.080535889
467.684631348
466.723876953
466.152191162
465.918640137
465.495941162
464.918853760
464.858947754
464.461364746
463.374267578
463.126098633
462.732208252
462.456756592
461.988830566
461.897247314
461.791595459
461.435699463
461.312011719
459.940979004
459.667236328
459.432800293
458.647766113
458.455627441
458.396606445
458.035583496
457.945709229
457.770660400
457.213317871
457.009582520
456.723815918
456.523834229
455.829956055
455.680725098
454.640197754
454.578216553
454.284393311
453.754241943
453.474212646
451.401702881
451.330596924
451.032287598
450.721984863
449.858489990
449.375091553
449.284027100
449.026306152
447.819732666
447.362609863
446.312835693
446.088226318
446.074951172
444.593048096
444.187194824
443.710540771
443.482452393
443.435241699
443.386383057
443.181030273
443.093597412
442.107086182
441.831909180
441.805053711
441.745819092
440.777496338
440.381439209
440.253021240
439.081024170
438.732421875
438.381927490
437.931396484
437.668457031
437.160522461
435.691436768
435.420440674
435.389587402
435.238403320
434.839843750
434.322052002
433.939331055
433.540100098
433.223724365
432.232788086
431.197845459
430.959411621
430.735839844
429.917480469
429.746551514
429.668151855
429.574951172
429.362121582
428.922241211
428.880767822
427.624694824
427.573944092
427.429016113
427.245300293
426.850524902
425.527984619
425.025939941
424.804412842
424.709045410
424.630126953
423.743133545
423.711334229
423.574340820
423.445922852
422.936584473
422.757965088
421.843963623
421.591156006
421.504669189
420.252777100
419.064819336
418.503448486
418.339233398
417.938446045
417.790313721
417.198211670
417.151031494
416.420349121
415.673461914
414.991607666
414.897857666
414.576385498
414.249633789
414.089355469
413.942871094
413.843872070
413.677551270
413.447998047
412.535949707
411.354187012
411.294891357
410.831237793
410.498657227
409.743164062
409.004669189
408.856445312
408.817260742
408.571746826
408.403594971
407.171234131
406.276306152
406.234832764
406.180572510
405.417602539
405.209594727
404.768646240
404.341766357
404.235931396
402.909179688
402.694580078
402.318145752
402.191955566
401.261566162
400.095397949
399.743225098
399.652282715
399.386383057
399.072540283
398.964080811
398.541564941
398.518432617
398.364013672
398.177978516
398.080963135
398.073394775
397.988922119
397.390930176
397.231353760
397.096038818
396.951446533
396.699310303
394.627197266
394.392639160
394.233917236
394.088470459
393.885131836
393.727172852
392.291076660
391.934753418
391.431091309
391.158966064
391.083618164
390.678955078
390.217956543
389.963195801
389.462982178
388.513580322
387.754241943
387.380676270
386.801879883
386.105621338
385.406646729
384.907348633
383.791351318
383.592620850
383.110595703
382.784484863
382.592590332
382.349029541
382.232543945
381.499053955
381.435363770
381.393615723
381.210510254
381.197967529
381.117156982
381.001403809
380.348541260
380.322967529
380.154052734
379.537658691
379.342987061
379.279235840
379.152648926
378.759704590
378.485076904
378.406341553
377.632568359
377.607574463
377.477416992
377.348297119
377.334411621
377.211883545
377.000152588
376.928710938
376.772308350
376.499145508
376.172851562
375.837799072
374.777313232
374.531158447
374.503601074
374.363098145
373.483795166
373.451751709
373.426208496
373.319213867
373.307220459
373.229644775
372.887268066
372.780975342
372.461273193
372.445434570
372.286193848
372.254272461
372.225463867
371.631225586
371.540527344
371.537139893
371.410522461
371.045410156
370.958557129
370.155700684
369.884155273
369.842803955
369.722381592
368.968444824
368.620666504
368.325653076
368.313903809
368.177551270
367.404205322
367.304687500
366.925048828
366.867004395
366.690338135
366.593048096
366.543548584
366.456024170
365.845397949
365.826293945
365.735778809
365.421142578
365.345703125
365.121795654
364.557342529
364.373840332
364.205718994
363.494445801
363.389068604
362.849182129
362.799713135
362.219543457
362.051116943
361.653015137
361.519073486
361.328277588
361.235931396
361.161926270
360.825286865
360.812774658
360.359924316
359.364410400
359.120666504
358.660064697
358.581909180
357.797790527
357.564514160
357.428741455
357.394287109
356.770172119
356.458343506
355.947052002
355.929870605
355.915283203
355.845428467
355.838073730
355.812988281
355.744384766
355.633209229
355.480712891
355.126342773
354.529205322
354.165924072
353.871978760
353.559814453
353.339782715
353.259796143
352.732604980
352.583129883
352.497497559
352.340576172
352.257659912
351.404357910
351.285125732
351.115966797
350.968353271
350.889129639
350.675201416
350.002685547
349.607788086
349.518768311
349.387878418
349.366638184
348.999633789
348.839080811
348.647674561
347.981719971
347.882781982
347.714935303
347.376983643
346.646636963
346.262634277
346.236206055
346.001312256
344.826721191
344.436035156
344.279663086
344.097595215
344.097229004
344.033020020
343.345642090
343.258605957
342.584289551
342.569335938
342.396392822
342.125701904
341.938385010
341.711730957
341.567840576
341.323913574
340.685333252
340.174682617
339.930480957
339.929168701
339.454620361
339.386962891
339.124877930
339.067382812
338.821594238
338.391845703
338.391418457
338.294342041
338.271606445
337.456024170
337.418884277
337.254241943
337.149414062
337.072784424
336.472656250
336.355926514
335.606384277
335.372741699
335.353698730
335.072814941
334.409973145
334.169982910
333.952056885
333.448547363
332.936340332
332.750396729
332.504364014
332.387725830
332.169219971
331.841857910
331.647613525
331.330627441
331.068237305
330.894256592
330.810852051
330.707611084
330.702087402
329.596466064
329.100097656
329.071716309
328.976531982
328.526336670
328.261444092
328.140106201
327.880126953
327.877899170
327.719238281
327.603637695
327.467285156
326.937377930
326.344482422
326.180023193
326.138763428
326.022125244
325.863586426
325.485504150
325.400939941
325.259155273
325.168823242
324.954620361
324.777130127
324.539794922
324.466735840
324.397094727
324.343811035
324.225311279
324.069244385
323.861083984
323.646575928
322.627685547
322.399108887
322.123901367
321.987731934
321.102996826
320.604003906
320.588867188
320.341522217
320.109252930
320.074645996
319.811859131
319.335052490
319.318817139
319.095672607
319.089447021
318.907257080
318.291259766
317.545196533
317.161315918
316.887237549
316.607086182
316.004211426
315.962951660
315.938262939
315.171905518
315.050598145
314.953216553
314.927551270
314.887512207
314.846740723
314.707244873
313.666442871
313.631408691
313.423706055
313.385986328
313.347442627
313.234191895
313.090301514
312.997894287
312.667144775
312.571807861
312.324127197
312.272766113
311.505737305
311.478424072
310.514343262
310.287628174
310.278991699
309.935119629
309.709045410
309.520355225
309.488281250
309.339324951
309.173217773
308.822296143
308.219085693
307.811004639
307.727172852
307.384063721
306.891448975
306.847839355
306.834472656
306.726013184
306.715911865
306.400878906
306.245483398
306.090942383
305.941833496
305.772796631
305.705627441
305.503417969
303.898773193
303.070556641
302.568420410
302.239227295
302.151763916
301.930023193
301.912963867
301.821594238
301.675140381
301.466125488
301.222930908
301.183715820
301.139617920
301.089996338
300.848236084
300.241119385
300.115509033
299.992553711
299.940307617
299.736358643
299.642578125
299.594116211
299.255828857
299.134796143
298.941131592
298.921844482
298.853759766
298.609863281
298.231109619
298.210876465
298.184875488
298.163604736
297.947723389
297.605468750
297.182006836
297.179046631
297.162200928
297.122161865
296.993041992
296.815246582
296.602661133
296.475555420
296.164520264
296.124664307
296.097137451
295.578948975
295.487854004
295.387786865
295.379547119
295.237335205
295.185943604
294.963195801
294.922760010
294.656463623
294.615173340
294.487884521
294.312683105
294.210113525
294.206451416
293.747711182
293.561401367
293.529968262
293.397979736
293.333679199
293.250518799
293.110229492
292.642059326
292.591033936
292.397033691
292.197296143
292.084442139
291.570861816
291.501159668
291.002105713
290.836639404
290.348876953
290.104644775
289.857635498
289.807373047
289.643402100
289.386108398
289.279632568
289.170928955
289.101806641
289.101226807
288.983520508
288.904479980
288.629882812
288.325286865
288.267120361
288.256042480
288.014770508
287.720611572
287.375640869
287.193176270
287.101928711
286.840179443
286.640686035
286.627410889
286.580444336
286.576568604
286.331329346
286.236999512
286.191619873
286.061187744
285.481506348
285.164184570
285.123168945
285.063537598
285.059692383
284.995727539
284.907623291
284.819427490
284.778625488
284.642822266
284.558471680
284.378814697
283.978607178
283.327911377
283.304290771
282.709167480
282.692779541
282.687042236
282.634216309
282.604858398
282.482269287
282.312225342
282.291381836
281.691619873
281.553222656
281.384887695
281.215301514
280.877929688
280.715881348
280.083404541
279.629150391
279.477478027
279.239959717
278.993865967
278.611541748
278.377075195
278.375488281
277.827117920
277.465515137
277.210632324
276.904785156
276.728210449
276.558685303
276.511932373
276.255432129
276.127380371
275.624572754
275.622985840
275.396728516
275.044494629
274.900360107
274.806427002
274.642944336
274.311340332
273.870544434
273.738616943
273.673889160
273.616882324
273.163360596
273.111114502
272.807403564
272.794036865
272.695129395
271.961730957
271.913604736
271.872833252
271.805419922
271.614654541
271.610534668
271.512176514
271.503845215
271.453369141
271.279632568
271.260101318
271.222351074
271.128387451
270.896514893
270.403686523
270.010437012
269.863128662
269.840576172
269.617889404
269.582550049
269.449890137
269.413085938
269.259643555
268.612152100
268.440032959
268.330474854
268.068328857
267.934814453
267.778656006
267.711242676
267.529052734
267.416717529
267.290679932
266.995544434
266.949981689
266.919860840
266.741302490
266.675079346
266.608581543
266.433166504
266.390655518
266.378356934
265.662872314
265.585815430
265.487792969
265.475463867
265.441467285
265.337646484
265.257385254
265.221710205
265.165985107
264.926086426
264.894256592
264.804290771
264.692291260
264.685913086
264.614013672
264.310485840
264.164031982
264.084167480
263.938018799
263.933349609
263.808593750
263.579040527
263.540557861
263.322509766
262.940063477
262.831787109
262.782043457
262.578063965
262.542358398
262.439453125
262.368347168
262.360595703
262.231262207
262.202545166
262.201873779
261.939331055
261.919342041
261.551422119
261.480499268
261.411010742
261.359069824
261.298889160
261.233184814
260.754241943
260.742462158
260.721099854
260.579010010
259.256042480
259.246124268
258.834838867
258.767822266
257.994720459
257.719421387
257.673339844
257.665588379
257.486968994
257.377380371
257.269683838
257.127868652
256.970245361
256.878204346
256.869995117
256.726379395
256.597625732
256.463562012
256.435058594
256.274383545
256.182647705
255.790588379
255.691146851
255.536346436
255.427047729
255.273040771
255.208419800
255.039718628
254.935974121
254.600341797
254.572860718
254.481094360
254.092590332
254.055999756
254.052001953
253.946319580
253.914916992
253.709762573
253.675354004
253.365615845
253.126205444
253.058319092
252.954895020
252.555313110
252.239730835
252.205764771
252.051864624
252.018310547
251.961181641
251.927963257
251.924499512
251.908004761
251.713119507
251.562805176
251.546249390
251.501434326
250.805557251
250.463790894
250.442764282
250.408874512
250.056457520
249.948455811
249.744369507
249.519332886
249.431594849
249.103317261
249.001983643
248.972106934
248.894439697
248.660461426
248.496261597
248.400955200
248.379867554
248.061874390
248.009811401
247.477493286
247.473312378
247.402740479
247.319335938
247.208801270
247.185058594
247.138687134
246.802017212
246.755065918
246.586853027
246.544540405
246.541290283
246.162841797
245.783859253
245.690399170
245.677520752
245.612045288
245.580749512
245.505737305
245.449447632
245.199798584
244.870697021
244.861068726
244.337783813
244.096603394
244.046188354
243.843521118
243.621994019
243.569046021
243.401138306
243.285339355
243.208953857
242.879333496
242.785812378
242.764846802
242.763290405
242.517791748
242.447250366
242.368362427
242.352432251
242.107452393
241.925201416
241.511169434
241.274887085
241.223937988
241.169570923
241.118087769
240.399826050
240.267044067
240.255645752
240.137786865
240.100769043
239.839569092
239.788574219
239.745407104
239.195022583
238.706329346
238.676727295
238.675888062
238.389831543
238.146987915
238.107864380
238.035675049
237.935363770
237.768707275
237.721496582
237.666595459
237.663513184
237.640075684
237.600158691
237.570571899
237.527984619
237.409194946
237.325027466
237.195175171
237.172103882
237.029342651
236.829986572
236.804046631
236.799148560
236.792739868
236.318923950
236.282241821
236.257232666
236.171432495
236.108078003
235.919372559
235.865676880
235.613647461
235.514266968
235.484146118
235.312881470
235.262969971
235.257095337
235.119171143
234.993347168
234.968261719
234.778289795
234.777328491
234.698760986
234.364746094
234.318923950
234.271102905
234.222366333
234.189422607
234.027893066
233.883346558
233.874481201
233.866165161
233.346023560
233.338546753
233.238021851
233.024673462
232.996749878
232.983169556
232.977523804
232.796463013
232.732254028
232.687835693
232.666320801
232.566650391
232.542495728
232.450927734
232.378250122
232.257324219
231.929748535
231.745223999
231.739517212
231.737625122
231.693878174
231.509033203
231.465499878
231.402252197
231.307785034
231.294281006
231.191329956
230.416213989
230.258712769
230.218215942
229.935684204
229.850372314
229.848419189
229.685623169
229.629821777
229.588058472
229.571487427
229.497131348
229.445053101
228.997741699
228.643646240
228.547515869
228.328491211
228.219497681
228.100723267
228.093963623
227.869873047
227.755157471
227.738265991
227.665084839
227.647094727
227.608032227
227.593475342
227.361221313
227.021911621
226.793579102
226.705200195
226.617340088
226.562118530
226.529617310
226.142593384
226.081115723
225.977050781
225.973968506
225.849746704
225.835006714
225.792724609
225.647872925
225.635864258
225.606826782
225.468185425
225.448455811
225.345245361
225.152908325
225.131011963
225.094650269
225.021972656
224.870315552
224.671096802
224.638198853
224.259780884
224.201202393
224.200469971
224.135314941
223.877456665
223.630264282
223.355377197
223.202651978
223.132537842
223.114074707
222.886245728
222.836425781
222.680664062
222.575881958
222.503784180
222.457122803
222.389053345
222.370849609
222.355300903
222.341583252
222.298294067
222.230072021
222.053634644
221.994232178
221.987075806
221.537750244
221.487426758
221.156494141
221.058212280
220.951019287
220.921127319
220.711639404
220.567245483
220.563964844
220.456115723
220.251098633
220.173416138
220.138931274
220.122222900
220.119476318
219.941345215
219.671478271
219.635604858
219.612121582
219.591079712
219.554290771
219.484558105
219.408615112
219.127532959
219.076995850
219.015106201
219.005187988
219.004043579
218.958419800
218.955795288
218.735687256
218.688003540
218.549072266
218.545516968
218.533966064
218.510986328
218.086791992
218.064773560
218.045471191
218.017944336
218.000305176
217.688003540
217.553298950
217.454864502
217.425720215
217.107528687
217.037673950
216.974670410
216.847396851
216.477996826
216.429916382
216.401016235
216.347640991
216.298782349
216.290969849
216.265411377
216.033554077
215.879760742
215.617111206
215.536056519
215.488113403
215.459945679
215.345367432
214.997894287
214.915557861
214.887969971
214.822875977
214.757400513
214.314071655
214.164611816
213.946395874
213.825210571
213.703353882
213.668273926
213.530517578
213.336578369
213.052276611
212.758529663
212.623870850
212.564682007
212.493637085
212.480651855
212.311843872
212.275253296
212.177810669
211.942367554
211.866348267
211.816604614
211.690063477
211.677322388
211.174850464
211.150100708
211.143341064
211.044448853
210.901901245
210.777786255
210.682464600
210.556427002
210.488342285
210.407043457
209.961257935
209.681320190
209.645751953
209.428161621
209.137451172
209.098068237
209.037689209
208.986358643
208.982894897
208.912429810
208.823257446
208.751480103
208.570938110
208.500839233
208.401275635
208.389648438
208.376922607
208.268646240
208.250289917
208.187118530
208.154617310
207.947158813
207.928848267
207.696838379
207.458755493
207.327850342
207.072937012
207.067504883
207.066207886
206.979110718
206.880508423
206.643341064
206.591766357
206.587219238
206.471343994
206.471023560
206.335998535
206.286346436
206.137695312
205.947235107
205.901504517
205.799224854
205.587982178
205.063964844
205.018798828
205.015838623
205.015121460
204.945022583
204.936050415
204.823913574
204.748504639
204.599411011
204.418991089
204.169860840
204.141586304
204.097747803
204.043182373
203.976547241
203.762298584
203.704040527
203.602737427
203.331100464
203.256896973
203.234832764
203.191040039
202.958114624
202.823135376
202.801589966
202.793609619
202.296524048
202.255767822
202.214538574
202.140365601
202.115142822
202.080200195
201.877700806
201.653442383
201.617355347
201.582839966
201.557250977
201.545074463
201.487762451
201.460220337
201.405426025
201.242187500
201.235458374
201.233016968
201.228591919
201.192153931
201.145675659
201.128112793
201.009399414
200.896850586
200.631805420
200.341262817
200.304626465
200.266876221
200.168487549
200.095275879
200.089019775
200.055740356
199.838485718
199.761886597
199.694641113
199.656936646
199.566497803
199.551315308
199.517776489
199.465286255
199.451873779
199.430160522
199.318542480
199.316238403
199.266479492
199.082824707
199.021850586
198.990310669
198.968841553
198.899551392
198.771636963
198.637908936
198.601547241
198.589584351
198.508270264
198.182098389
198.167694092
197.992355347
197.926376343
197.629516602
197.547744751
197.395141602
197.331283569
197.253768921
197.072708130
196.956954956
196.840484619
196.465805054
196.147354126
195.816741943
195.739227295
195.724227905
195.705596924
195.689544678
195.670593262
195.580612183
195.488830566
195.395797729
195.329421997
195.278274536
195.233520508
195.195251465
195.183166504
194.979965210
194.833435059
194.452270508
194.330703735
194.211318970
194.191009521
193.957366943
193.859848022
193.704116821
193.633132935
193.528854370
193.426528931
193.207885742
193.197998047
193.182785034
193.179016113
193.117584229
192.893798828
192.870300293
192.799377441
192.655944824
192.330337524
192.318634033
192.295578003
192.278671265
192.257827759
192.228851318
192.033004761
191.982559204
191.951263428
191.941726685
191.842102051
191.657470703
191.504302979
191.260452271
191.209564209
191.204086304
190.989166260
190.860733032
190.843627930
190.837707520
190.832107544
190.631362915
190.628646851
190.588973999
190.372665405
190.299560547
190.285095215
190.141204834
190.079833984
190.053359985
189.967147827
189.712020874
189.691345215
189.683227539
189.567764282
189.532867432
189.476181030
189.413131714
189.365737915
189.204711914
189.188919067
189.029296875
189.010101318
188.980651855
188.912628174
188.912322998
188.848510742
188.831039429
188.750122070
188.723083496
188.631744385
188.571411133
188.530364990
188.477020264
188.461853027
187.976837158
187.882400513
187.714935303
187.637374878
187.578094482
187.526062012
187.518218994
187.504867554
187.425750732
187.270416260
187.069152832
187.022323608
186.997711182
186.939697266
186.847930908
186.802703857
186.788864136
186.666213989
186.360412598
186.345001221
186.262069702
186.175674438
186.023315430
185.937957764
185.892944336
185.659606934
185.534759521
185.507492065
185.426620483
185.331237793
185.278137207
184.943344116
184.941375732
184.937149048
184.926574707
184.843536377
184.579086304
184.443420410
184.398239136
184.301773071
184.274200439
184.205184937
184.139389038
184.027206421
183.996917725
183.950317383
183.929199219
183.906600952
183.903945923
183.603424072
183.589706421
183.588912964
183.572540283
183.565505981
183.416137695
183.398651123
183.055526733
182.817459106
182.779052734
182.778015137
182.739547729
182.508239746
182.292770386
182.165222168
182.108718872
181.800918579
181.775970459
181.487091064
181.449890137
181.446395874
181.345626831
181.097244263
181.042602539
181.003631592
180.992019653
180.963241577
180.933486938
180.924148560
180.918426514
180.663177490
180.639404297
180.637817383
180.398101807
180.156692505
180.133300781
180.016967773
180.011627197
179.675979614
179.666366577
179.515106201
179.452163696
179.443145752
179.095825195
178.953918457
178.773223877
178.711395264
178.562469482
178.521057129
178.395278931
178.381118774
178.311126709
178.306427002
178.245437622
178.047622681
177.928527832
177.750457764
177.593185425
177.539535522
177.518646240
177.297164917
177.232284546
176.945922852
176.943695068
176.835678101
176.740219116
176.736923218
176.625915527
176.590927124
176.583801270
176.477844238
176.215133667
176.084106445
175.964813232
175.940063477
175.768020630
175.677703857
175.629623413
175.555679321
175.476409912
175.316955566
175.252258301
175.216171265
175.099472046
174.902542114
174.820404053
174.786712646
174.782165527
174.750137329
174.705108643
174.607330322
174.570648193
174.538543701
174.484741211
174.302551270
174.206939697
174.140869141
174.113143921
173.894088745
173.861907959
173.798995972
173.781280518
173.711349487
173.630584717
173.483551025
173.406311035
173.376083374
173.147918701
173.030319214
172.965164185
172.884124756
172.770385742
172.769332886
172.582122803
172.560989380
172.351562500
172.348571777
172.313995361
172.285964966
172.258560181
172.116897583
172.061203003
171.952087402
171.912979126
171.664886475
171.638595581
171.572540283
171.561355591
171.529663086
171.436264038
171.383392334
171.378829956
171.210144043
171.158813477
171.154251099
171.117355347
171.060394287
170.969696045
170.939834595
170.903198242
170.899139404
170.474761963
170.419509888
170.178619385
170.066650391
170.001220703
169.969833374
169.847671509
169.793533325
169.702651978
169.636260986
169.322937012
169.168792725
169.159408569
169.154800415
169.012619019
169.004379272
168.836715698
168.762466431
168.749496460
168.741104126
168.729385376
168.714462280
168.548263550
168.420410156
168.410430908
168.366348267
168.265686035
168.255523682
168.113067627
168.034606934
167.941635132
167.895874023
167.887023926
167.858016968
167.615631104
167.600540161
167.497268677
167.445785522
167.391601562
167.271240234
167.031707764
166.964523315
166.830078125
166.788162231
166.775634766
166.552825928
166.493331909
166.209640503
166.182617188
166.073684692
166.030563354
166.001907349
165.827911377
165.748336792
165.688964844
165.681182861
165.575515747
165.328155518
165.251708984
165.149948120
165.079788208
165.057037354
165.005508423
164.908905029
164.747848511
164.740554810
164.546463013
164.420791626
164.400451660
164.309097290
164.256958008
164.176147461
164.168228149
163.993698120
163.867813110
163.765106201
163.638442993
163.622802734
163.594680786
163.578781128
163.570312500
163.561309814
163.560043335
163.224319458
163.213073730
163.089126587
163.059158325
163.017837524
162.908081055
162.893936157
162.778060913
162.777862549
162.728027344
162.681518555
162.628524780
162.345336914
162.261489868
162.153991699
162.089111328
162.020309448
162.014907837
161.864166260
161.714767456
161.640151978
161.576217651
161.452560425
161.382369995
161.338272095
161.323242188
161.304824829
161.142837524
160.842895508
160.772613525
160.672058105
160.667098999
160.644058228
160.564682007
160.541564941
160.540878296
160.499710083
160.382965088
160.078201294
160.065078735
159.598510742
159.524353027
159.498931885
159.298187256
159.265319824
159.104034424
158.978363037
158.975463867
158.845306396
158.685638428
158.670364380
158.519592285
158.511444092
158.464355469
158.343765259
158.134094238
158.024261475
157.790542603
157.776733398
157.689270020
157.377975464
157.283996582
157.214065552
157.194274902
157.132965088
157.109512329
157.087829590
157.073242188
157.061935425
157.015640259
156.702789307
156.609649658
156.593292236
156.494491577
156.435821533
156.408660889
156.403503418
156.370117188
156.368148804
156.355667114
156.297500610
156.239379883
156.230514526
156.153884888
156.084045410
155.842163086
155.785934448
155.722824097
155.693878174
155.669052124
155.610458374
155.588058472
155.508712769
155.502716064
155.491302490
155.486740112
155.485015869
155.388641357
155.366958618
155.097457886
155.052246094
155.050506592
155.045501709
154.942123413
154.932189941
154.863952637
154.615921021
154.367446899
154.193878174
154.095932007
154.081802368
153.969039917
153.959732056
153.931869507
153.882293701
153.849899292
153.760269165
153.602310181
153.535095215
153.521148682
153.419494629
153.384796143
153.384674072
153.363830566
153.350357056
153.343521118
153.162414551
153.101638794
152.980010986
152.908447266
152.735946655
152.725997925
152.720596313
152.566116333
152.441009521
152.285919189
152.199066162
152.039016724
151.970687866
151.854537964
151.839706421
151.735366821
151.465637207
151.394958496
151.392227173
151.373031616
151.363647461
151.335403442
151.321487427
151.317977905
151.316329956
151.130187988
151.044906616
150.959030151
150.939987183
150.939178467
150.846008301
150.806304932
150.741073608
150.701400757
150.619674683
150.507919312
150.366989136
150.347839355
150.231842041
150.191131592
150.161697388
150.082077026
150.076705933
150.015563965
149.883285522
149.803802490
149.795303345
149.476409912
149.435546875
149.306610107
149.300216675
149.267929077
149.189361572
149.157089233
149.016021729
148.968231201
148.846618652
148.832611084
148.727935791
148.725494385
148.695129395
148.543487549
148.506835938
148.388046265
148.377059937
148.303771973
148.223571777
148.126495361
148.118713379
148.075668335
148.063888550
148.054473877
148.039169312
147.976501465
147.964813232
147.897277832
147.892288208
147.888198853
147.861480713
147.802474976
147.776382446
147.700927734
147.639175415
147.632171631
147.540496826
147.537994385
147.499633789
147.397308350
147.169647217
147.144989014
147.126617432
146.844497681
146.842712402
146.816131592
146.136260986
146.039688110
145.964187622
145.932922363
145.902114868
145.865951538
145.862091064
145.729278564
145.681106567
145.657302856
145.547470093
145.517410278
145.488983154
145.486938477
145.410293579
145.299957275
145.100265503
145.050613403
144.958679199
144.934631348
144.873260498
144.730651855
144.654281616
144.476348877
144.406906128
144.380828857
143.993927002
143.975067139
143.927917480
143.850997925
143.813125610
143.717819214
143.665618896
143.545745850
143.487258911
143.463119507
143.455093384
143.452529907
143.418045044
143.371414185
143.317169189
143.130279541
143.097167969
142.982040405
142.882537842
142.879287720
142.861297607
142.858016968
142.796859741
142.677642822
142.639373779
142.446182251
142.189804077
142.154678345
142.140991211
142.082901001
142.082717896
141.962921143
141.954681396
141.766906738
141.758270264
141.661422729
141.643661499
141.443466187
141.421951294
141.215179443
141.183990479
141.094665527
141.057266235
141.056015015
141.044403076
140.918838501
140.807022095
140.763442993
140.736511230
140.694412231
140.637802124
140.403015137
140.381362915
140.270767212
140.212158203
140.190826416
140.171569824
140.140380859
139.867523193
139.859817505
139.853134155
139.840820312
139.660781860
139.654022217
139.351913452
139.347457886
139.295516968
139.244323730
139.229263306
139.229080200
139.228454590
139.036804199
139.003967285
138.973831177
138.961593628
138.854965210
138.790985107
138.757003784
138.741485596
138.637878418
138.434432983
138.431625366
138.326431274
138.320251465
138.301849365
138.282608032
138.215530396
138.199462891
138.187103271
138.140167236
138.138381958
138.078445435
137.866882324
137.853652954
137.838348389
137.793991089
137.740798950
137.666946411
137.611389160
137.542678833
137.409454346
137.354156494
137.237899780
137.227020264
137.103958130
137.043197632
136.928680420
136.863082886
136.770111084
136.635971069
136.611999512
136.567016602
136.522796631
136.425674438
136.399337769
136.296051025
136.141845703
136.127151489
136.115631104
136.085037231
136.028686523
135.815795898
135.796752930
135.714706421
135.685729980
135.670318604
135.624465942
135.590866089
135.551376343
135.497177124
135.313812256
135.294464111
135.293426514
135.287277222
135.284698486
135.249252319
135.215301514
135.205108643
135.165756226
135.163162231
135.152679443
135.115921021
135.071548462
135.018600464
134.937423706
134.905868530
134.900100708
134.869964600
134.737991333
134.623489380
134.453750610
134.424346924
134.361907959
134.327697754
134.314605713
134.296569824
134.257598877
134.168655396
134.009963989
133.814651489
133.755218506
133.744079590
133.725524902
133.555847168
133.549377441
133.518661499
133.509384155
133.495941162
133.309295654
133.235137939
133.226425171
133.177841187
133.134796143
133.071990967
133.065780640
133.023254395
132.910903931
132.854598999
132.847000122
132.817276001
132.723464966
132.645919800
132.440322876
132.411514282
132.344009399
132.140686035
132.073944092
132.052871704
131.981842041
131.950714111
131.946609497
131.914916992
131.724777222
131.717453003
131.663574219
131.561523438
131.511291504
131.508575439
131.475921631
131.379806519
131.339111328
131.319793701
131.170684814
131.114181519
131.104049683
131.099227905
131.047225952
131.003890991
130.848983765
130.846511841
130.823257446
130.670364380
130.650405884
130.620941162
130.554977417
130.483093262
130.475143433
130.423019409
130.420547485
130.370117188
130.355880737
130.251098633
130.220642090
130.216079712
130.195846558
130.079879761
130.063018799
130.008529663
129.916824341
129.743362427
129.690124512
129.687332153
129.564468384
129.359451294
129.349578857
129.310928345
129.240509033
129.160476685
129.120376587
129.022827148
129.022735596
129.021591187
128.909439087
128.908950806
128.841339111
128.805511475
128.768875122
128.650039673
128.514389038
128.475738525
128.434402466
128.421295166
128.349761963
128.272125244
128.127990723
128.088958740
128.080245972
127.949333191
127.854194641
127.719619751
127.607917786
